ALPHA=50
BETA=100
OMEGA=900
0,6,17,15
4,21,54,34
10,97,33,105
17,45,23,60
20,36,46,40
33,63,78,68
54,105,66,117
60,73,78,78
66,93,78,101
74,28,106,40
88,73,127,80
94,97,127,105
113,54,150,60
127,15,174,21
135,101,184,117
139,93,165,99
155,6,165,10
165,51,192,63
170,80,180,85
174,97,224,99
180,34,229,40
184,80,234,85
201,90,239,93
213,111,267,117
224,45,257,54
239,21,274,28
242,68,291,73
245,97,274,105
263,90,287,93
277,51,317,54
287,36,305,40
291,97,341,111
295,80,341,93
299,6,329,21
311,60,341,78
333,24,341,34
346,54,394,68
352,36,378,45
358,28,378,34
366,15,386,24
370,80,421,97
383,99,396,117
396,63,421,73
401,105,455,117
407,36,464,54
421,24,464,28
424,60,470,78
432,97,455,101
445,90,459,93
470,51,480,54
473,10,486,15
480,40,508,45
486,99,515,105
491,28,521,36
501,93,508,97
503,54,545,68
508,21,545,24
513,10,549,15
526,78,566,90
530,28,581,36
535,99,545,105
553,51,583,60
576,63,585,80
583,10,601,15
585,105,641,117
588,60,620,73
595,36,650,40
615,28,656,34
625,60,663,73
629,78,656,80
645,111,678,117
656,90,663,97
661,21,686,28
668,36,705,45
671,99,716,101
673,78,726,90
678,68,708,73
681,6,705,15
686,111,705,117
692,60,718,63
710,111,739,117
716,34,749,40
721,24,764,28
732,101,774,105
737,90,784,99
739,54,799,63
760,80,771,85
764,6,807,15
774,111,812,117
784,40,824,45
805,93,820,99
812,10,862,21
818,54,848,63
820,68,842,73
830,111,848,117
836,85,882,97
844,78,886,80
848,45,888,51
866,36,874,40
871,15,882,34
882,60,922,73
886,15,916,21
894,51,922,54
898,36,927,45
905,99,941,117
911,80,919,85
927,54,976,68
929,93,979,97
941,80,949,85
947,15,979,24
949,111,1007,117
979,101,998,105
985,36,1003,51
993,10,1009,28
998,90,1021,99
1007,60,1039,68
1009,73,1033,85
1011,51,1045,54
1033,21,1057,28
1045,101,1072,117
1062,93,1098,97
1066,21,1102,34
1076,6,1119,15
1083,78,1108,90
1090,60,1119,73
1117,51,1138,54
1124,80,1152,93
1128,6,1152,24
1134,36,1171,45
1138,63,1185,78
1152,51,1185,60
1160,111,1179,117
