ALPHA=50
BETA=100
OMEGA=900
0,14,36,22
6,32,30,44
10,5,42,7
38,30,71,41
48,16,104,26
52,52,60,63
56,11,110,14
71,57,88,63
88,44,120,52
115,26,145,30
117,32,152,41
120,16,126,22
123,7,130,14
134,52,145,57
152,52,192,63
154,11,165,14
165,26,192,41
183,5,217,16
197,41,247,57
203,30,257,37
230,22,278,26
232,14,254,16
252,5,293,7
262,11,271,14
278,46,322,63
281,30,286,41
293,16,309,22
295,11,303,14
305,37,352,41
327,52,379,63
330,7,344,14
336,30,356,32
346,11,388,16
374,37,388,44
379,22,392,26
385,30,420,32
392,57,408,63
394,37,408,44
406,14,451,16
410,44,451,52
413,37,423,41
420,57,459,63
426,37,446,41
430,7,470,11
451,22,487,26
459,44,485,52
463,32,468,41
475,5,504,7
480,30,527,37
494,52,542,57
499,22,532,26
504,41,527,44
507,11,516,16
538,30,584,41
548,46,554,52
560,7,575,16
578,16,604,26
588,57,615,63
593,32,615,41
607,22,646,30
621,52,651,63
630,37,674,44
657,11,701,26
671,5,708,7
679,52,701,57
683,44,706,46
706,37,745,41
708,46,740,63
713,5,760,7
