ALPHA=50
BETA=100
OMEGA=900
0,301,14,306
5,270,32,276
11,57,44,68
14,36,47,42
18,15,32,28
20,316,72,321
23,330,27,332
25,297,72,308
27,255,53,265
30,338,38,344
32,93,58,105
38,109,72,125
44,243,69,252
47,342,87,350
53,187,75,194
58,136,90,155
72,330,87,340
75,284,90,288
78,249,121,260
80,165,126,179
87,308,114,312
90,276,119,281
95,68,150,83
99,293,150,301
105,46,140,63
108,28,119,42
119,146,145,157
126,260,142,274
131,28,150,31
142,182,182,187
145,216,191,239
150,5,166,23
161,301,185,312
166,165,196,174
172,102,205,115
178,51,207,63
180,36,202,46
185,21,227,31
189,136,205,141
191,270,211,284
196,121,227,125
200,288,233,306
202,174,227,184
207,241,218,252
211,332,221,338
221,265,262,281
233,9,243,21
238,102,270,105
243,249,262,260
246,9,262,23
252,308,280,312
258,184,270,197
262,332,298,338
266,23,310,36
270,63,298,68
276,342,286,348
278,15,292,21
286,93,304,98
292,152,338,155
298,102,304,121
301,344,361,348
304,255,325,274
310,243,344,252
316,28,344,42
319,216,348,233
330,255,361,270
335,128,365,141
338,197,386,204
348,23,396,31
353,233,368,247
372,157,389,170
381,146,403,155
383,210,389,233
386,179,403,187
396,216,415,239
398,63,449,68
403,297,439,308
412,165,458,174
415,241,447,249
421,210,456,233
439,265,447,276
443,312,471,316
447,98,482,109
449,85,471,93
452,270,480,274
458,5,511,9
463,281,498,286
465,179,496,192
471,42,507,51
474,252,527,265
480,162,519,174
482,121,513,130
487,194,541,197
496,85,513,89
498,233,519,247
507,21,541,28
511,210,541,227
513,276,558,288
524,340,546,348
527,46,578,68
533,187,541,192
536,31,555,36
541,293,587,306
546,130,575,136
552,15,564,21
564,316,602,332
575,222,609,233
582,338,606,342
587,105,611,125
597,42,618,46
609,136,613,146
611,241,654,249
613,321,635,325
618,255,631,265
620,210,635,233
635,288,659,301
641,46,656,68
645,128,659,141
650,281,675,286
656,325,688,338
665,297,699,312
670,197,721,204
675,170,688,174
680,152,688,155
685,281,694,284
688,81,706,83
694,165,702,174
699,115,742,130
706,332,751,344
712,325,721,330
721,184,728,194
723,306,747,308
731,71,751,76
735,146,758,162
742,252,758,255
758,321,804,332
763,286,814,293
768,121,799,136
773,28,781,42
776,265,818,274
781,152,831,162
796,301,840,312
799,71,852,76
804,102,862,121
814,170,837,182
820,125,831,128
840,184,891,192
848,293,883,308
852,9,871,21
858,199,896,210
862,265,888,281
865,71,909,85
869,130,878,141
871,51,891,57
873,42,891,46
878,316,888,330
888,348,927,350
891,276,930,281
896,342,927,344
901,162,940,165
907,249,917,260
909,199,956,216
911,125,962,136
917,87,930,93
921,115,959,121
927,5,980,21
930,301,959,312
940,274,986,276
952,157,990,165
959,81,964,83
962,330,980,332
964,152,1010,155
970,51,986,68
973,85,990,93
977,121,1015,136
983,288,1007,297
986,141,1010,146
994,338,1039,344
997,265,1030,270
1007,255,1019,260
1010,109,1052,115
1013,76,1048,83
1019,9,1052,23
1022,157,1068,174
1026,312,1057,330
1030,348,1085,350
1034,42,1052,63
1039,85,1085,89
1042,281,1076,293
1052,192,1076,194
1057,239,1103,243
1062,115,1095,128
1068,51,1095,68
1070,71,1114,83
1072,197,1107,199
1095,260,1132,276
1100,21,1118,31
1105,192,1126,194
1109,146,1143,152
1112,252,1161,255
1114,342,1143,0
1124,28,1143,46
1126,98,1141,105
1129,170,1161,182
1148,241,1170,243
1154,15,1161,31
1158,293,1176,297
1161,330,1206,332
1166,210,1174,227
1168,68,1193,83
1174,5,1193,9
1176,157,1210,170
1178,308,1206,321
1184,270,1210,284
1186,42,1235,57
1188,255,1206,265
1197,192,1239,197
1202,115,1220,121
1206,125,1244,130
1210,63,1220,71
1212,340,1263,348
1214,28,1251,31
1220,15,1263,23
1224,265,1263,276
1226,87,1270,102
1232,249,1267,255
1239,301,1273,312
1244,81,1270,85
1246,162,1277,165
1251,243,1263,247
1256,68,1283,76
1263,288,1294,297
1267,182,1294,192
1273,222,1303,239
1277,28,1326,31
1283,130,1303,152
1288,165,1297,174
1294,71,1317,76
1297,293,1307,308
1301,252,1353,260
1303,83,1336,93
1307,63,1340,68
1312,340,1331,350
1317,136,1336,152
1326,9,1348,15
1336,197,1368,210
1340,23,1376,31
1348,308,1393,312
1353,170,1407,184
1359,98,1393,105
1362,288,1382,293
1368,243,1376,247
1371,265,1398,270
1382,192,1436,194
1396,340,1448,348
1398,332,1436,338
1401,146,1448,157
1407,42,1420,57
1416,321,1451,325
1425,276,1474,288
1436,71,1460,85
1442,247,1460,260
1448,306,1499,308
1451,23,1487,28
1457,136,1490,152
1466,316,1474,330
1469,57,1523,63
1474,85,1517,89
1478,293,1490,301
1483,348,1504,350
1495,276,1539,281
1504,68,1526,71
1508,192,1523,197
1510,109,1561,125
1523,174,1536,184
1536,241,1572,252
1539,222,1574,239
1545,301,1554,312
1549,197,1567,199
1554,274,1600,284
1561,63,1579,71
1563,286,1604,297
1572,102,1615,105
1576,243,1615,249
1579,330,1628,342
1584,85,1613,93
1590,71,1610,83
1596,46,1615,63
1613,155,1635,170
1615,260,1670,265
1618,102,1639,105
1628,270,1647,274
1631,199,1664,204
1635,288,1678,297
1639,179,1668,184
1644,308,1683,325
1652,165,1701,174
1664,157,1693,162
1668,281,1714,286
1676,274,1693,276
1678,63,1711,81
1683,115,1730,121
1685,348,1693,350
1687,98,1701,109
1693,252,1716,260
1701,187,1746,192
1706,243,1758,247
1711,146,1749,157
1714,9,1762,23
1716,105,1749,109
1722,125,1755,136
1727,222,1735,233
1730,276,1749,286
1735,115,1786,121
1746,87,1771,102
1758,284,1809,297
1762,255,1796,274
1768,76,1781,81
1771,342,1811,348
1776,199,1824,204
1779,63,1821,71
1781,187,1792,197
1801,23,1811,36
1811,321,1857,338
1813,297,1829,301
1818,286,1829,293
1821,93,1849,109
1829,28,1879,42
1835,252,1873,265
1838,146,1885,157
1844,194,1879,210
1851,297,1896,306
1855,9,1891,21
1857,102,1879,105
1861,130,1889,136
1865,348,1896,350
1873,340,1926,342
1876,121,1915,128
1885,274,1928,281
1889,28,1940,42
1891,199,1928,210
1896,179,1948,187
1905,288,1955,306
1910,308,1928,325
1915,89,1948,102
1932,21,1943,23
1940,109,1974,125
1943,197,1958,210
1948,312,1995,316
1951,182,1995,194
1958,31,1995,51
1963,87,1970,98
1967,15,1989,23
1974,210,2015,222
1981,227,2023,233
1989,301,2005,308
1995,152,2023,157
1997,249,2010,252
1999,199,2012,204
2005,241,2012,247
2012,68,2059,81
2015,293,2044,306
2018,93,2072,98
2020,121,2028,128
2023,105,2053,109
2028,46,2055,57
2032,157,2047,162
2044,332,2066,344
2053,115,2093,125
2055,247,2101,252
2059,321,2066,330
2064,105,2072,109
2072,71,2082,76
2078,332,2093,338
2082,93,2111,98
2091,68,2103,83
2093,197,2125,210
2097,216,2111,233
2101,344,2117,350
2103,85,2147,89
2105,284,2132,297
2107,192,2154,194
2111,249,2154,252
2117,270,2154,281
2123,155,2154,162
2130,136,2181,141
2132,93,2154,105
2137,312,2154,330
2141,184,2187,187
2147,146,2175,152
2160,199,2193,204
2165,308,2172,325
2169,340,2211,344
2172,293,2187,297
2175,321,2199,338
2181,348,2196,350
2185,301,2206,312
2187,260,2206,265
2193,130,2201,141
2196,51,2236,68
2199,284,2232,293
2206,174,2242,187
2208,81,2242,85
2215,260,2232,265
2218,340,2250,350
2223,321,2250,330
2229,89,2261,102
2232,36,2270,42
2236,233,2259,243
2242,308,2264,316
2255,170,2308,184
2259,199,2288,204
2264,130,2302,136
2270,125,2283,128
2275,281,2283,293
2280,42,2288,46
2283,31,2308,36
2297,98,2330,109
2299,15,2323,21
2302,243,2343,255
2308,68,2350,71
2314,125,2348,141
2320,270,2339,276
2330,182,2339,194
2334,102,2350,115
2339,15,2348,23
2343,36,2390,42
2350,192,2399,204
2352,321,2380,332
2355,128,2394,130
2357,15,2390,31
2359,293,2380,301
2365,241,2410,243
2378,348,2399,350
2386,157,2406,170
2390,109,2416,115
2394,227,2418,233
2399,98,2433,102
2401,270,2448,274
2406,87,2422,93
2410,31,2452,42
2413,204,2436,210
2416,348,2438,350
2422,141,2470,157
2428,89,2465,93
2433,162,2448,170
2438,51,2479,71
2440,179,2470,187
2443,321,2490,325
2448,330,2485,338
2454,199,2496,210
2461,286,2485,288
2465,194,2506,197
2474,93,2523,98
2485,162,2513,165
2490,260,2496,270
2493,31,2540,46
2502,325,2548,330
2506,102,2523,105
2508,342,2548,350
2511,239,2521,243
2515,121,2565,128
2521,194,2565,210
2528,281,2548,286
2530,270,2575,276
2536,255,2565,265
2540,23,2587,28
2544,36,2570,51
2554,330,2575,342
2560,83,2580,87
2565,344,2603,348
2570,89,2603,93
2575,109,2589,125
2580,241,2611,252
2589,293,2635,308
2593,204,2611,227
2608,28,2670,36
2615,233,2644,241
2619,274,2656,286
2630,312,2650,321
2640,174,2665,187
2644,85,2670,93
2656,325,2674,332
2659,233,2702,239
2665,136,2692,155
2670,265,2688,276
2674,204,2698,210
2678,21,2698,28
2683,87,2711,98
2692,312,2698,321
2695,197,2747,199
2698,340,2729,342
2702,179,2711,187
2705,204,2755,210
2707,57,2715,71
2715,21,2767,28
2719,136,2775,141
2722,31,2773,51
2724,179,2767,187
2735,115,2792,121
2741,348,2752,350
2747,293,2775,297
2752,321,2775,338
2755,89,2809,102
2767,286,2806,288
2773,199,2811,222
2778,344,2792,350
2784,255,2811,260
2790,174,2809,179
2792,76,2815,83
2798,316,2811,332
2802,247,2846,252
2811,348,2861,350
2818,297,2857,306
2823,165,2846,182
2832,146,2865,152
2838,270,2867,281
2841,342,2865,344
2846,85,2897,93
2852,325,2878,338
2854,15,2897,31
2857,162,2889,179
2861,109,2878,125
2867,247,2897,255
2872,128,2919,136
2875,281,2911,286
2878,42,2897,51
2892,179,2942,192
2900,340,2931,342
2905,46,2960,51
2907,308,2946,316
2911,239,2919,241
2914,36,2928,42
2919,204,2968,210
2922,274,2937,281
2928,68,2960,81
2931,197,2942,199
2946,98,2990,105
2951,83,2964,85
2955,265,3000,270
2960,249,3008,252
2964,68,3000,81
2968,192,3000,199
2973,308,3023,312
2981,344,2990,350
2984,157,3020,165
2994,255,3003,260
2997,204,3010,210
3003,348,3020,350
3008,42,3023,51
3010,316,3028,321
3015,184,3028,197
3020,98,3043,102
3023,9,3031,23
3028,83,3037,93
3037,115,3079,128
3043,46,3074,57
3049,249,3074,255
3051,316,3085,330
3053,276,3063,286
3055,265,3066,274
3057,136,3082,152
3063,182,3100,192
3066,348,3082,350
3074,265,3082,281
3079,340,3093,344
3082,210,3116,233
3085,89,3116,98
3095,286,3104,293
3100,301,3123,308
3104,71,3152,83
3106,115,3123,130
3108,152,3123,162
3116,243,3145,249
3118,276,3145,286
3139,270,3176,274
3145,260,3176,265
3147,233,3168,239
3152,42,3168,51
3156,31,3176,36
3159,5,3191,21
3163,241,3187,243
3168,105,3195,109
3176,187,3197,199
3183,89,3199,102
3191,274,3197,281
3197,51,3216,57
3199,109,3240,115
3201,344,3237,350
3207,216,3253,227
3209,241,3237,249
3212,98,3233,105
3220,89,3237,93
3224,21,3251,36
3227,233,3240,239
3237,301,3245,316
3240,187,3253,199
3251,332,3270,340
3253,233,3262,239
3258,249,3270,265
3262,125,3311,141
3264,306,3270,321
3267,199,3289,204
3270,51,3289,71
3276,330,3309,340
3282,297,3295,312
3286,276,3339,284
3289,165,3339,170
3295,21,3341,36
3298,288,3325,297
3304,93,3311,105
3309,63,3351,68
3311,321,3349,338
3314,146,3330,157
3320,260,3351,274
3328,293,3344,297
3330,192,3361,199
3344,102,3379,115
3351,28,3389,36
3357,63,3383,81
3361,265,3381,274
3363,332,3383,342
3369,170,3375,184
3375,130,3383,141
3379,174,3402,179
3383,321,3397,330
3395,71,3427,76
3397,157,3422,162
3399,5,3405,9
3402,243,3439,255
3405,105,3449,109
3409,179,3433,184
3418,281,3458,284
3422,288,3475,301
3427,308,3458,312
3436,330,3472,338
3439,227,3488,241
3444,252,3460,260
3449,210,3475,216
3453,42,3498,51
3460,197,3468,199
3463,170,3472,182
3468,316,3486,321
3472,89,3495,105
3475,249,3490,255
3481,15,3510,21
3486,340,3512,344
3488,194,3522,197
3490,68,3510,81
3498,130,3522,146
3500,51,3539,63
3504,255,3531,274
3510,109,3550,115
3518,162,3556,174
3522,243,3527,247
3531,227,3576,241
3535,281,3560,284
3539,141,0,155
