ALPHA=50
BETA=100
OMEGA=900
0,1018,53,1030
4,227,25,229
4,891,53,896
10,58,31,64
10,465,25,477
16,249,42,258
16,784,72,788
19,592,42,594
19,866,53,883
25,797,72,802
25,282,38,292
31,71,72,76
35,79,93,95
38,1045,78,1050
38,157,53,169
42,2,88,4
47,469,96,483
53,1008,72,1015
58,678,68,690
60,977,68,983
65,1025,93,1035
68,332,84,334
78,835,110,848
84,778,122,784
88,286,107,296
93,1071,142,1084
93,738,119,751
96,496,124,507
100,1023,142,1041
103,792,153,808
107,949,122,966
107,656,138,673
113,530,132,534
113,637,144,642
119,79,142,92
119,120,132,135
122,227,165,236
122,772,142,775
124,933,132,955
132,332,172,338
138,1003,153,1008
142,271,165,284
142,219,190,223
144,1010,168,1025
149,465,157,472
153,701,187,712
153,931,195,937
159,992,190,1006
165,594,187,603
172,97,212,111
172,193,201,206
178,282,237,296
183,258,224,261
187,1015,237,1025
190,633,206,640
190,653,249,668
195,915,249,926
195,646,212,651
206,188,249,199
206,169,249,175
212,1068,259,1080
218,792,253,802
224,370,262,378
228,266,249,273
231,768,276,778
231,322,249,334
237,818,273,826
243,241,276,246
249,605,287,626
253,1010,298,1025
253,990,293,998
255,496,308,501
259,983,311,988
259,381,295,391
262,111,293,120
268,261,303,266
273,97,323,107
276,955,287,971
279,1062,303,1068
283,768,314,775
283,835,311,851
287,1090,298,1095
293,534,303,550
295,172,308,183
303,407,349,411
303,193,354,206
308,966,354,977
311,460,329,465
311,931,329,943
314,92,332,95
314,811,323,818
319,448,332,450
323,358,332,372
323,489,354,496
329,343,336,348
329,306,344,309
332,678,380,684
332,261,366,273
336,876,393,879
336,188,349,191
338,575,360,578
344,425,360,435
344,372,360,386
349,107,372,120
354,637,398,640
360,456,412,465
366,1090,403,1098
372,208,423,223
375,309,403,318
380,550,435,567
384,1066,393,1068
389,788,438,797
393,1023,401,1025
393,995,401,1006
398,620,407,631
401,1008,407,1018
403,261,451,273
403,992,455,995
407,354,417,358
412,163,453,175
417,775,462,778
417,1041,446,1050
423,1055,457,1068
423,301,464,309
429,891,440,899
429,988,469,990
431,637,469,651
431,1023,455,1030
435,113,480,127
435,358,483,365
438,278,462,292
438,64,469,79
440,460,493,465
446,955,455,971
453,512,483,530
455,233,469,246
462,744,474,751
469,565,483,569
474,585,522,592
480,469,493,483
480,775,502,784
483,1043,526,1045
483,107,493,120
493,768,551,772
499,101,536,107
502,202,547,211
506,229,526,236
510,249,547,258
510,111,541,115
516,523,568,530
516,1095,528,1098
522,656,536,662
522,560,561,569
526,120,536,123
531,219,578,223
536,391,574,397
541,330,578,334
541,28,555,41
547,496,599,509
551,662,604,682
555,472,578,494
555,261,592,273
563,1050,581,1062
568,891,581,910
574,797,613,802
578,775,606,788
581,971,619,983
581,1068,604,1084
592,330,604,332
597,64,617,76
597,998,606,1010
599,135,649,143
599,848,637,855
604,6,625,22
606,905,610,910
606,554,649,565
608,381,659,391
608,585,629,592
610,673,649,678
613,635,672,637
613,744,631,751
617,273,649,284
619,814,654,830
619,92,643,103
625,879,643,896
625,995,654,1006
629,208,659,215
631,534,665,550
631,575,665,578
637,292,668,301
637,56,682,67
643,236,694,239
649,567,698,569
654,157,672,169
654,483,679,501
659,107,668,115
659,910,672,920
665,441,698,448
668,89,717,92
668,219,703,223
676,1035,714,1045
679,1055,727,1066
679,526,719,534
682,330,729,332
682,4,703,6
688,888,714,905
688,286,705,292
694,605,701,611
698,848,733,855
701,599,714,603
701,585,709,594
705,169,714,175
709,507,729,509
714,772,729,775
717,971,739,983
717,129,758,143
719,754,735,762
723,587,744,594
723,988,729,990
727,215,764,229
727,334,733,354
729,278,767,292
729,747,767,751
733,1068,758,1071
735,544,764,560
739,855,773,876
742,808,786,818
744,1030,764,1045
748,120,773,127
748,592,789,599
750,403,767,417
756,891,786,896
758,208,801,211
758,905,815,926
764,974,806,990
773,391,815,403
779,656,795,678
779,797,820,806
786,840,801,842
789,751,833,762
795,730,810,744
797,1030,810,1041
797,327,810,334
801,92,815,95
806,1060,846,1066
806,814,824,830
810,631,846,635
810,249,843,253
815,202,859,215
820,1006,868,1018
824,693,853,707
824,191,833,199
828,361,872,378
833,738,856,747
839,851,885,866
843,403,856,407
846,430,883,446
850,419,885,425
853,615,883,631
856,592,883,605
859,721,885,730
859,780,881,792
865,450,872,460
865,56,906,67
868,41,900,51
868,937,917,958
872,635,906,640
872,338,896,354
877,129,912,137
881,971,928,983
885,175,928,183
890,241,922,256
890,876,917,891
896,653,933,673
896,211,946,215
900,365,920,381
902,1025,917,1030
906,738,949,751
906,233,922,239
912,1010,920,1015
912,1080,965,1090
917,611,922,620
917,67,969,76
920,788,928,802
922,115,953,120
928,1060,984,1066
928,460,941,465
933,306,979,312
938,949,949,955
941,635,969,646
946,920,979,937
953,1050,1006,1055
959,211,979,219
965,273,987,278
965,489,973,507
969,715,1010,727
973,2,1006,16
976,469,1023,477
979,678,1028,690
979,386,1010,391
984,215,1023,227
984,966,1001,983
987,534,1010,554
989,933,1030,937
995,668,1017,673
995,448,1041,456
1001,1035,1041,1045
1006,273,1023,282
1013,163,1023,175
1013,715,1043,730
1017,193,1023,199
1017,103,1045,111
1019,332,1045,343
1023,701,1045,707
1028,605,1057,615
1030,271,1045,284
1030,569,1070,585
1036,1055,1081,1066
1036,199,1074,202
1038,1023,1079,1025
1038,656,1081,662
1041,958,1070,966
1041,67,1070,71
1043,784,1051,788
1045,594,1064,603
1045,507,1087,512
1051,372,1081,391
1057,565,1079,567
1057,797,1074,808
1060,465,1070,483
1060,1087,1083,1098
1064,2,1089,4
1070,208,1098,219
1070,425,1083,433
1072,463,1114,465
1072,1003,1081,1015
1074,129,1096,137
1074,435,1093,446
1079,585,1087,594
1079,727,1117,738
1081,178,1104,191
1083,338,1114,358
1083,1060,1104,1066
1087,806,1142,811
1089,635,1104,646
1093,89,1117,97
1096,651,1132,653
1096,79,1127,84
1098,554,1148,567
1104,450,1132,460
1104,301,1137,318
1109,518,1158,523
1114,592,1127,605
1114,544,1123,550
1117,181,1154,193
1117,211,1142,215
1123,1095,1144,1098
1127,768,1148,775
1127,241,1175,253
1132,465,1182,483
1132,1087,1178,1090
1137,236,1154,239
1142,354,1148,361
1144,407,1178,425
1148,840,1178,842
1148,282,1184,296
1150,31,1186,51
1154,127,1186,137
1154,575,1196,578
1158,738,1169,747
1158,334,1182,338
1167,788,1184,792
1169,143,1201,149
1175,157,1214,175
1175,949,1192,961
1178,361,1214,365
1178,246,1196,249
1182,523,1192,534
1184,84,1224,89
1186,673,1224,678
1186,472,1205,494
1192,891,1201,910
1196,721,1222,736
1196,754,1233,772
1201,256,1247,266
1205,931,1222,943
1210,738,1253,751
1214,193,1255,208
1214,587,1233,603
1220,905,1260,920
1222,296,1273,306
1222,64,1253,71
1224,365,1266,381
1224,463,1241,472
1228,322,1247,330
1233,107,1279,115
1239,31,1275,51
1241,477,1285,483
1247,448,1279,463
1247,560,1298,567
1253,693,1303,709
1255,678,1268,682
1266,419,1273,433
1268,181,1298,191
1273,64,1303,67
1275,1076,1298,1080
1275,318,1285,327
1279,509,1329,526
1279,381,1317,391
1285,84,1298,92
1285,246,1329,258
1289,635,1303,637
1295,1055,1303,1068
1295,76,1303,79
1298,920,1341,926
1298,738,1311,744
1303,16,1351,36
1306,208,1356,215
1306,1062,1337,1066
1311,567,1364,583
1317,489,1326,507
1322,292,1371,296
1322,698,1356,712
1326,678,1351,693
1326,149,1356,157
1329,1090,1351,1098
1329,879,1337,888
1333,407,1341,425
1337,550,1345,565
1337,974,1375,990
1341,111,1375,115
1341,301,1361,312
1345,631,1375,637
1351,727,1358,736
1364,560,1390,565
1366,920,1403,937
1371,757,1403,762
1375,278,1400,286
1375,707,1380,715
1377,835,1394,842
1377,365,1414,372
1380,599,1400,603
1383,219,1390,229
1385,97,1390,103
1388,1045,1396,1062
1390,730,1407,736
1394,635,1441,640
1394,306,1414,322
1396,113,1420,120
1400,1050,1420,1060
1400,191,1451,202
1403,971,1433,983
1410,744,1451,747
1410,469,1425,489
1414,1090,1451,1095
1420,4,1465,12
1425,1030,1453,1035
1425,879,1470,883
1429,417,1473,433
1429,282,1458,292
1433,1006,1453,1015
1433,261,1453,264
1439,463,1451,465
1439,155,1453,163
1441,933,1465,937
1448,615,1458,631
1451,215,1496,219
1451,762,1488,772
1458,149,1493,163
1462,730,1505,736
1465,41,1505,54
1465,701,1500,712
1468,463,1514,469
1468,818,1502,826
1470,501,1512,507
1473,483,1512,489
1479,84,1514,89
1479,806,1512,814
1483,343,1524,358
1488,575,1505,587
1488,958,1524,966
1493,1015,1516,1030
1496,592,1534,603
1496,830,1502,840
1500,266,1516,278
1502,1076,1512,1090
1505,76,1550,79
1507,430,1556,441
1512,1003,1516,1008
1514,775,1556,780
1514,92,1520,97
1516,611,1570,631
1520,236,1582,246
1520,318,1564,322
1524,523,1570,530
1528,673,1582,678
1534,998,1579,1003
1534,494,1556,507
1540,407,1561,417
1544,888,1561,891
1556,286,1590,301
1556,990,1609,995
1561,365,1570,381
1561,84,1609,92
1564,646,1609,656
1570,587,1609,592
1570,249,1599,258
1579,113,1605,123
1582,338,1597,348
1582,155,1627,157
1586,1018,1605,1030
1586,411,1614,417
1590,578,1617,583
1590,736,1605,751
1592,56,1614,67
1592,1055,1641,1060
1597,264,1614,266
1599,435,1639,446
1599,306,1621,318
1605,620,1621,626
1609,296,1653,301
1611,707,1639,712
1614,115,1666,120
1617,526,1653,534
1617,264,1641,266
1621,496,1677,501
1621,425,1646,433
1627,1080,1666,1090
1633,175,1653,178
1633,97,1660,103
1636,188,1685,191
1639,211,1685,227
1641,489,1685,494
1646,585,1693,592
1646,127,1685,135
1651,22,1691,28
1656,172,1680,183
1660,855,1693,860
1666,1066,1712,1076
1671,518,1719,534
1677,830,1716,835
1677,417,1709,425
1680,71,1712,76
1685,460,1707,463
1685,757,1709,762
1691,1008,1701,1023
1691,792,1725,806
1693,448,1709,450
1701,469,1709,477
1701,585,1719,587
1707,22,1756,36
1707,690,1736,701
1709,361,1736,365
1709,937,1736,958
1712,915,1727,931
1716,1003,1736,1006
1716,188,1741,191
1719,407,1746,411
1725,101,1736,113
1725,583,1773,587
1727,1080,1785,1090
1727,866,1746,872
1732,926,1767,931
1732,71,1789,76
1734,227,1746,236
1741,992,1789,998
1741,92,1761,95
1746,662,1789,678
1750,698,1761,701
1756,762,1805,768
1761,651,1785,656
1767,120,1773,129
1767,425,1822,430
1779,501,1797,512
1785,441,1837,448
1789,633,1815,635
1789,157,1819,169
1792,896,1843,915
1797,183,1819,191
1801,567,1831,575
1805,89,1819,97
1805,642,1837,646
1809,926,1859,937
1815,995,1865,1006
1819,465,1848,477
1819,123,1859,127
1822,1018,1831,1025
1822,585,1861,587
1824,949,1868,966
1828,848,1851,860
1831,631,1865,633
1837,565,1861,575
1837,974,1859,983
1843,494,1886,496
1843,332,1859,348
1851,501,1871,512
1857,872,1861,883
1859,71,1896,76
1861,855,1871,860
1865,690,1904,707
1865,983,1893,992
1868,208,1893,215
1868,830,1896,842
1871,233,1896,246
1873,84,1883,89
1883,744,1904,747
1886,605,1930,626
1886,249,1922,256
1889,403,1930,417
1893,668,1930,673
1893,772,1945,775
1900,721,1922,736
1900,599,1936,603
1904,361,1930,378
1904,860,1940,876
1908,797,1922,806
1914,818,1971,835
1917,430,1936,441
1922,172,1976,181
1930,778,1945,784
1930,312,1959,318
1936,223,1986,227
1940,496,1948,501
1945,1015,1993,1030
1948,509,1999,518
1954,888,1963,896
1959,465,1976,469
1959,637,1981,640
1963,797,1991,802
1963,642,1986,651
1965,71,1991,89
1965,92,2026,103
1971,961,2026,977
1971,391,2026,411
1974,554,1993,565
1976,615,1991,620
1981,296,2031,306
1981,372,2021,381
1986,253,2010,264
1991,425,2010,441
1991,693,2021,701
1993,496,2031,507
1999,1035,2039,1041
1999,682,2021,684
2005,358,2028,370
2005,840,2054,855
2010,811,2021,821
2015,792,2028,802
2026,1087,2031,1098
2028,430,2073,446
2028,448,2088,450
2031,149,2049,169
2034,358,2056,370
2039,762,2096,775
2039,107,2088,115
2043,318,2101,322
2049,223,2096,227
2054,309,2084,312
2054,22,2088,36
2056,241,2116,253
2062,797,2110,808
2068,523,2093,534
2068,1006,2103,1008
2079,334,2101,343
2084,848,2096,851
2084,879,2129,896
2088,961,2101,974
2093,233,2110,236
2093,365,2135,372
2101,1071,2110,1076
2101,768,2129,772
2103,206,2116,208
2103,715,2139,730
2106,955,2150,971
2106,261,2135,273
2110,460,2150,472
2116,233,2135,239
2119,578,2171,592
2125,135,2161,149
2125,312,2139,327
2127,1076,2167,1084
2129,332,2139,343
2129,784,2167,788
2135,808,2171,818
2139,175,2179,188
2141,71,2191,76
2147,411,2155,419
2150,358,2177,365
2150,1060,2207,1068
2155,1023,2189,1030
2161,441,2171,450
2161,855,2189,876
2167,550,2183,560
2167,417,2183,425
2171,698,2179,709
2179,191,2195,193
2183,818,2228,821
2189,343,2228,361
2189,450,2238,465
2191,1095,2207,1098
2195,123,2207,127
2195,45,2225,56
2197,129,2221,137
2201,701,2252,707
2207,477,2245,489
2213,560,2262,569
2216,223,2265,229
2216,199,2265,206
2225,603,2238,615
2233,496,2252,501
2233,1003,2252,1010
2238,943,2273,961
2238,806,2265,808
2242,282,2286,284
2245,51,2273,54
2245,585,2286,587
2247,157,2262,169
2247,575,2265,578
2252,301,2280,318
2256,995,2283,1008
2262,620,2290,626
2262,678,2283,684
2265,747,2273,754
2268,183,2296,188
2271,229,2301,239
2273,605,2286,611
2276,56,2288,61
2280,450,2301,465
2283,271,2324,278
2286,943,2324,958
2286,747,2290,751
2288,1035,2340,1045
2290,990,2340,1003
2290,12,2299,22
2296,258,2314,266
2299,840,2335,855
2301,1087,2352,1098
2306,1025,2362,1030
2306,615,2320,633
2312,1062,2330,1066
2312,155,2320,172
2314,780,2365,788
2317,123,2335,137
2317,282,2372,292
2320,411,2346,417
2330,802,2381,811
2335,620,2387,626
2340,926,2372,937
2340,76,2365,79
2346,378,2376,391
2346,682,2396,693
2352,84,2362,89
2354,526,2393,544
2354,219,2393,233
2357,998,2372,1010
2357,208,2367,215
2362,236,2372,246
2362,668,2408,678
2367,425,2376,430
2367,642,2415,646
2372,653,2387,656
2376,181,2404,193
2381,583,2404,585
2381,306,2404,309
2387,332,2415,348
2393,111,2439,113
2396,860,2429,876
2396,36,2429,51
2399,264,2424,273
2399,651,2429,656
2404,123,2445,137
2406,920,2452,926
2406,620,2445,635
2408,851,2445,855
2408,1050,2439,1060
2413,284,2447,292
2415,54,2433,61
2421,814,2469,830
2421,1071,2443,1076
2424,780,2429,797
2427,534,2456,554
2429,937,2452,955
2433,673,2445,678
2433,407,2452,411
2439,961,2456,977
2443,983,2495,995
2445,178,2469,181
2445,163,2462,172
2447,494,2497,501
2452,433,2495,448
2456,456,2473,465
2462,848,2491,866
2466,949,2491,966
2469,211,2518,219
2469,199,2501,208
2473,594,2512,599
2475,4,2487,12
2475,460,2528,463
2481,926,2535,937
2481,79,2518,89
2487,411,2531,430
2491,140,2521,143
2491,587,2541,592
2495,163,2538,172
2495,860,2518,866
2497,780,2524,792
2501,301,2518,318
2501,896,2550,915
2507,386,2541,397
2512,966,2541,974
2518,45,2538,56
2521,494,2535,501
2521,565,2566,578
2524,554,2543,560
2528,433,2538,448
2531,879,2577,888
2531,22,2572,31
2535,241,2541,249
2538,233,2552,239
2541,264,2588,273
2543,1025,2566,1043
2543,937,2593,958
2545,143,2560,155
2545,797,2577,802
2550,202,2607,211
2550,730,2593,738
2552,370,2597,381
2557,2,2614,6
2560,1045,2588,1062
2560,435,2597,448
2566,229,2627,239
2572,169,2622,181
2572,656,2593,668
2577,569,2588,578
2582,512,2614,518
2582,762,2607,772
2588,751,2633,757
2593,358,2607,365
2597,309,2653,312
2597,334,2614,354
2601,995,2614,1008
2601,592,2658,603
2607,1041,2614,1050
2609,971,2644,988
2609,137,2644,155
2619,910,2661,926
2622,933,2653,955
2627,611,2644,626
2633,469,2679,489
2633,633,2681,640
2636,747,2653,757
2642,450,2649,465
2644,292,2690,306
2649,6,2677,28
2649,199,2684,211
2653,129,2671,137
2653,2,2688,4
2658,937,2665,949
2658,840,2665,855
2661,802,2690,811
2665,646,2702,662
2665,348,2681,354
2671,278,2706,282
2674,181,2698,188
2674,727,2706,738
2677,744,2720,751
2679,775,2700,788
2681,332,2698,334
2684,343,2690,358
2684,693,2730,698
2688,1084,2726,1098
2690,441,2714,446
2695,830,2730,835
2698,640,2710,642
2700,338,2740,343
2702,872,2751,888
2706,284,2730,301
2710,818,2720,821
2710,181,2726,188
2714,419,2726,433
2720,236,2755,246
2720,848,2744,860
2726,668,2751,673
2730,1087,2738,1098
2730,450,2744,465
2738,910,2751,926
2738,199,2761,206
2740,998,2755,1003
2740,637,2761,642
2744,544,2797,550
2748,1015,2791,1030
2751,229,2794,233
2755,633,2791,635
2761,327,2788,338
2766,163,2774,175
2766,995,2797,1003
2769,523,2811,530
2769,565,2820,567
2780,6,2814,28
2782,2,2834,4
2788,448,2814,460
2791,971,2820,974
2794,123,2843,129
2797,879,2814,888
2800,208,2855,211
2800,830,2811,842
2811,79,2848,95
2811,707,2834,712
2820,727,2855,744
2823,611,2879,615
2828,236,2850,239
2834,469,2861,483
2834,113,2879,115
2843,684,2892,690
2848,372,2888,378
2850,306,2892,309
2855,693,2885,701
2855,397,2888,411
2858,599,2908,603
2858,246,2900,258
2861,296,2892,301
2864,811,2892,821
2864,633,2879,642
2875,61,2885,71
2879,879,2927,896
2879,712,2900,727
2885,1084,2921,1090
2892,494,2935,509
2892,202,2908,208
2895,872,2945,876
2895,592,2927,594
2900,403,2940,407
2900,365,2951,372
2906,22,2918,28
2908,806,2927,808
2914,983,2963,995
2914,469,2951,483
2918,157,2935,175
2921,236,2935,246
2921,1045,2932,1062
2927,653,2935,656
2929,611,2940,620
2932,45,2963,56
2932,1035,2984,1043
2935,191,2970,193
2940,229,2984,233
2945,1045,2997,1062
2947,662,2993,673
2947,258,2959,271
2951,937,2997,949
2955,149,2987,163
2959,284,2997,301
2963,701,2993,709
2966,585,3013,592
2970,727,2993,744
2973,509,3015,523
2979,1008,3022,1015
2979,966,3013,977
2993,496,3042,501
2997,808,3026,814
3001,172,3036,183
3001,818,3034,821
3006,16,3034,36
3008,569,3015,578
3013,701,3022,707
3015,983,3050,995
3018,792,3050,806
3018,931,3053,943
3026,512,3066,530
3026,101,3060,113
3032,306,3036,322
3034,334,3070,354
3036,64,3078,76
3042,684,3078,701
3044,1055,3070,1062
3044,1010,3070,1023
3046,821,3060,840
3046,592,3066,594
3050,494,3066,509
3053,193,3066,199
3053,36,3081,41
3055,762,3089,778
3060,653,3094,673
3063,403,3113,417
3066,605,3107,611
3070,1035,3116,1050
3076,430,3121,441
3076,318,3081,332
3078,181,3097,191
3078,54,3102,61
3089,583,3144,592
3089,1076,3132,1080
3094,448,3138,463
3097,635,3141,640
3102,175,3113,188
3113,526,3132,530
3116,509,3144,523
3121,56,3155,64
3126,715,3150,727
3126,120,3146,135
3132,983,3161,990
3132,149,3168,157
3138,830,3182,842
3141,417,3155,433
3141,97,3161,103
3144,172,3187,175
3146,489,3168,494
3146,943,3174,949
3150,1025,3184,1043
3153,879,3161,888
3161,821,3212,826
3161,266,3184,278
3166,334,3214,348
3168,208,3212,223
3168,71,3203,76
3174,1008,3193,1010
3174,494,3193,496
3180,635,3226,637
3180,229,3216,233
3182,620,3232,633
3184,640,3224,653
3187,123,3241,129
3193,707,3226,715
3193,372,3220,391
3199,361,3244,370
3203,61,3214,67
3209,592,3235,599
3212,312,3216,330
3214,690,3262,693
3214,155,3262,172
3216,891,3262,899
3220,253,3264,264
3224,1025,3252,1041
3226,943,3264,955
3232,425,3257,435
3235,983,3275,988
3241,41,3277,56
3244,309,3264,322
3246,97,3289,101
3246,550,3283,554
3252,730,3298,736
3255,747,3294,754
3257,1043,3289,1050
3262,646,3270,656
3270,211,3277,219
3270,381,3294,403
3275,1066,3296,1071
3277,330,3294,343
3283,611,3289,626
3287,955,3320,961
3289,296,3303,301
3294,592,3320,605
3296,715,3305,727
3298,199,3332,202
3303,249,3324,253
3305,120,3328,123
3307,995,3349,1006
3312,1062,3320,1068
3312,633,3328,637
3317,61,3324,71
3317,727,3349,738
3320,191,3355,193
3322,463,3352,469
3324,983,3355,990
3328,840,3365,855
3328,256,3360,266
3330,2,3360,6
3330,215,3370,229
3338,937,3394,949
3340,483,3352,501
3340,931,3370,933
3346,578,3355,587
3349,111,3383,123
3360,84,3370,89
3365,876,3383,883
3365,361,3377,378
3370,236,3383,246
3374,736,3416,751
3374,129,3416,137
3377,496,3409,501
3383,178,3409,188
3389,848,3413,866
3389,1062,3434,1068
3394,477,3443,494
3394,668,3400,673
3398,840,3419,842
3400,67,3445,76
3405,381,3455,391
3409,407,3455,419
3409,12,3422,16
3413,264,3432,271
3419,554,3455,565
3422,448,3451,460
3422,879,3479,888
3428,181,3443,193
3428,530,3445,550
3432,684,3467,701
3432,465,3483,472
3439,961,3469,977
3443,155,3499,172
3445,983,3504,988
3451,569,3512,578
3451,372,3504,378
3455,191,3474,193
3455,246,3469,253
3461,301,3483,312
3467,715,3518,730
3469,61,3506,76
3474,140,3499,143
3479,135,3516,137
3479,327,3493,332
3483,637,3546,642
3487,433,3546,441
3487,855,3546,860
3499,425,3534,430
3499,744,3546,747
3504,931,3512,937
3504,358,3550,370
3506,12,3565,31
3512,58,3550,71
3512,155,3568,169
3516,933,3546,955
3518,876,3556,891
3524,599,3540,615
3534,709,3565,715
3540,966,3573,974
3546,202,3565,215
3550,977,3584,990
3556,840,3582,851
3556,754,3599,762
3561,866,3605,879
3561,419,3605,425
3565,701,3582,707
3565,101,3593,103
3568,378,3612,381
3571,883,3605,888
3577,585,3586,587
3582,891,3628,905
3584,1066,3628,1068
3591,534,3642,538
3593,550,3622,554
3593,343,3622,358
3599,483,3638,489
3605,157,3642,169
3612,879,3652,883
3616,768,3638,772
3616,327,3633,334
3622,365,3652,370
3622,640,3674,653
3624,937,3652,955
3633,101,3674,103
3633,512,3657,523
3638,143,3680,155
3642,1087,3652,1095
3648,920,3668,933
3652,730,3690,744
3652,246,3678,256
3655,211,3698,227
3657,772,3680,778
3662,1095,3708,1098
3662,477,3682,494
3668,58,3721,61
3668,842,3680,855
3674,1030,3726,1035
3674,943,3680,961
3678,860,3716,879
3680,784,3721,797
3682,712,3716,721
3686,54,3698,56
3690,229,3704,241
3690,538,3704,544
3696,727,3731,730
3696,386,3721,397
3698,707,3726,709
3704,698,3746,701
3708,264,3726,278
3711,441,3731,456
3716,662,3770,668
3721,818,3764,835
3726,327,3778,330
3736,45,3764,58
3736,71,3776,89
3740,1071,3760,1084
3740,256,3791,258
3743,241,3791,253
3746,501,3776,512
3750,135,3757,149
3753,943,3778,961
3757,971,3798,977
3757,673,3778,690
3760,354,3778,361
3764,143,3776,149
3764,587,3778,594
3770,301,3795,318
3776,233,3807,239
3778,6,3816,22
3783,143,3795,149
3786,31,3820,51
3791,1018,3824,1030
3795,282,3832,284
3798,101,3807,111
3798,715,3846,721
3802,348,3813,365
3802,738,3824,747
3807,127,3824,135
3811,995,3820,1008
3811,578,3816,587
3816,223,3846,233
3816,430,3834,433
3820,1095,3852,1098
3824,937,3867,943
3824,489,3834,507
3826,1068,3846,1080
3826,469,3865,477
3832,538,3863,560
3834,1041,3878,1050
3838,278,3846,284
3838,830,3878,840
3840,784,3881,802
3840,140,3867,157
3846,690,3893,698
3846,215,3867,219
3850,494,3896,496
3852,757,3888,775
3857,651,3878,656
3863,348,3872,365
3863,338,3916,343
3865,888,3881,891
3872,67,3898,84
3878,821,3910,826
3881,943,3910,958
3886,523,3928,534
3886,258,3928,264
3888,223,3937,233
3893,640,3904,642
3896,808,3931,818
3896,1060,3953,1071
3898,995,3916,1008
3904,157,3931,172
3904,1010,3953,1025
3910,54,3937,56
3916,123,3960,137
3921,633,3973,640
3924,784,3943,792
3928,509,3973,518
3931,2,3973,12
3937,855,3947,860
3943,709,3965,721
3943,28,3992,41
3947,211,3979,227
3951,417,3965,430
3951,1095,3986,1098
3953,747,4004,751
3958,1084,3969,1090
3960,206,4008,208
3960,172,3996,175
3965,181,3979,193
3973,565,4011,578
3979,45,3992,56
3979,292,4026,301
3986,949,4037,958
3986,974,4037,983
3992,592,4000,599
3996,338,4041,348
3996,433,4032,446
4000,284,4011,286
4004,738,4026,744
4004,381,4037,386
4008,163,4037,178
4011,631,4026,640
4015,554,4056,569
4020,261,4066,271
4023,651,4032,668
4026,507,4066,509
4032,354,4082,358
4032,768,4078,775
4037,888,4092,905
4037,544,4072,550
4041,949,4096,958
4041,236,4072,249
4046,866,4074,883
4046,603,4056,615
4049,668,4099,682
4053,738,4082,747
4060,327,4078,332
4066,318,4099,322
4072,199,4088,202
4074,249,4118,253
4078,301,4104,312
4088,178,4136,181
4092,61,4136,76
4096,4,4136,16
4099,712,4122,721
4099,891,4154,896
4104,450,4136,465
4110,1023,4128,1041
4110,509,4118,518
4112,149,4144,155
4112,381,4136,391
4118,594,4133,605
4126,246,4154,258
4128,802,4149,814
4133,693,4180,707
4136,278,4195,282
4139,120,4154,123
4144,1018,4176,1035
4149,31,4203,36
4154,920,4210,933
4154,1087,4189,1095
4160,653,4203,668
4160,792,4184,797
4166,309,4216,318
4176,768,4229,772
4180,419,4197,425
4180,219,4223,229
4184,256,4213,264
4195,45,4203,56
4197,905,4223,915
4197,107,4232,113
4203,757,4229,762
4203,698,4248,709
4206,463,4216,472
4206,84,4216,92
4210,738,4254,751
4213,370,4223,378
4213,391,4232,407
4216,249,4248,256
4219,830,4243,835
4219,501,4266,509
4229,219,4281,233
4229,662,4262,678
4232,603,4262,605
4238,318,4291,330
4238,811,4281,826
4241,456,4262,465
4243,172,4306,175
4248,101,4309,111
4248,646,4300,656
4254,848,4266,855
4256,188,4306,193
4262,391,4287,407
4266,920,4300,926
4271,949,4306,958
4271,6,4322,22
4276,1084,4296,1087
4281,715,4309,727
4281,143,4333,163
4291,569,4328,578
4296,507,4322,523
4300,284,4328,301
4306,585,4342,592
4309,626,4367,635
4309,977,4358,988
4315,372,4342,378
4315,526,4342,530
4320,673,4373,682
4320,264,4328,273
4322,1030,4338,1045
4328,736,4342,744
4328,411,4338,417
4333,45,4348,54
4338,569,4378,583
4338,391,4401,407
4342,286,4378,296
4348,585,4395,599
4348,419,4362,430
4353,826,4412,835
4358,926,4367,943
4362,1095,4373,1098
4367,155,4395,163
4367,712,4381,730
4373,910,4392,915
4373,1055,4387,1062
4378,469,4412,477
4387,1008,4430,1015
4387,378,4418,381
4392,544,4418,565
4392,974,4440,983
4395,312,4448,327
4401,266,4436,271
4401,61,4454,71
4406,456,4454,465
4418,512,4448,518
4421,496,4448,507
4421,1018,4436,1025
4423,417,4440,430
4423,876,4473,879
4427,1050,4436,1060
4427,988,4475,998
4430,229,4457,233
4436,891,4454,899
4440,12,4484,22
4440,163,4448,175
4446,127,4454,129
4448,684,4457,701
4454,920,4496,933
4457,821,4467,835
4462,365,4473,378
4467,97,4484,111
4473,707,4480,721
4473,587,4494,594
4475,762,4496,768
4475,246,4492,256
4480,754,4522,757
4484,419,4494,435
4489,411,4512,417
4489,296,4528,301
4492,327,4507,334
4492,51,4516,54
4494,202,4533,215
4494,258,4507,271
4496,626,4537,635
4500,872,4547,879
4502,736,4516,738
4507,143,4554,163
4507,611,4556,620
4510,883,4554,891
4510,707,4540,715
4512,469,4522,489
4516,370,4554,381
4516,417,4569,430
4522,915,4556,926
4528,101,4579,111
4533,526,4540,538
4537,896,4573,905
4537,89,4583,97
4540,560,4567,569
4544,792,4573,802
4544,76,4556,84
4549,578,4556,592
4549,1068,4600,1080
4554,1023,4567,1035
4556,668,4569,678
4562,239,4573,253
4567,826,4610,842
4567,286,4610,296
4569,219,4600,229
4573,178,4595,188
4583,149,4627,157
4587,95,4595,97
4590,896,4633,910
4590,605,4604,626
4595,193,4607,206
4600,762,4652,775
4604,673,4621,678
4607,721,4619,727
4610,16,4657,36
4612,441,4619,446
4616,920,4627,931
4616,97,4665,107
4619,1084,4637,1098
4621,246,4633,256
4627,637,4682,651
4627,278,4657,284
4633,266,4647,273
4633,64,4657,76
4637,992,4647,998
4642,879,4665,891
4647,460,4665,465
4647,1066,4672,1076
4652,615,4705,620
4657,684,4698,698
4663,273,4711,284
4665,656,4705,668
4667,456,4695,469
4667,127,4690,137
4672,175,4722,188
4678,227,4711,236
4682,28,4690,36
4685,1071,4705,1087
4685,16,4698,22
4690,876,4705,888
4695,97,4747,111
4695,446,4705,448
4698,640,4725,646
4698,312,4749,318
4701,435,4749,441
4701,1062,4725,1066
4705,202,4747,215
4711,1006,4739,1018
4716,425,4755,433
4718,784,4725,788
4722,808,4753,818
4725,1035,4761,1043
4731,31,4761,51
4731,931,4761,933
4734,995,4765,1003
4734,565,4768,567
4739,64,4751,76
4741,1076,4772,1087
4747,977,4761,990
4747,120,4753,135
4749,709,4783,721
4753,526,4765,538
4755,594,4765,611
4761,95,4789,107
4765,762,4800,772
4765,407,4772,411
4768,615,4777,631
4772,278,4789,282
4777,1010,4798,1025
4777,1095,4823,1098
4780,253,4798,256
4780,129,4818,143
4783,1066,4816,1080
4783,738,4816,754
4789,258,4818,264
4793,550,4835,560
4798,567,4814,583
4800,920,4829,937
4800,587,4846,592
4806,202,4829,215
4806,51,4823,61
4811,1035,4816,1043
4814,266,4850,273
4816,501,4869,509
4818,1006,4864,1008
4823,693,4869,707
4823,821,4835,826
4829,334,4867,348
4835,1084,4858,1095
4838,312,4871,330
4844,107,4881,120
4846,780,4871,797
4850,662,4896,668
4850,888,4891,896
4855,208,4881,211
4855,264,4886,271
4858,391,4886,397
4858,95,4869,101
4864,435,4871,446
4867,605,4896,611
4867,587,4893,603
4869,172,4876,183
4871,22,4896,28
4876,784,4902,802
4881,79,4926,92
4886,966,4921,977
4891,261,4913,273
4893,322,4902,334
4896,631,4921,633
4896,496,4907,509
4902,378,4937,386
4907,830,4933,840
4907,54,4965,64
4910,41,4965,51
4913,120,4959,123
4915,334,4979,338
4915,594,4970,603
4921,494,4933,509
4926,261,4965,266
4928,1023,4953,1030
4933,407,4947,419
4933,239,4959,241
4937,992,4974,995
4943,848,4986,860
4947,430,4959,435
4953,175,5009,181
4953,381,5003,391
4959,538,4990,560
4959,282,4974,292
4970,518,5026,530
4974,264,4999,273
4981,937,5037,958
4981,58,5003,67
4986,51,5003,56
4986,76,5009,92
4995,465,5044,469
4995,747,5029,754
4999,988,5051,998
5003,483,5026,501
5009,143,5026,155
5009,509,5037,512
5015,284,5035,286
5015,915,5059,926
5019,266,5037,278
5022,1087,5040,1090
5022,974,5035,983
5026,430,5062,433
5029,258,5068,264
5029,1076,5079,1080
5037,354,5059,365
5040,544,5084,560
5044,163,5062,178
5044,137,5084,140
5049,448,5079,460
5051,89,5092,95
5054,312,5106,318
5054,489,5108,496
5059,797,5116,808
5068,709,5084,727
5073,155,5110,157
5079,653,5097,668
5084,278,5106,292
5084,507,5097,518
5088,640,5108,646
5092,258,5128,271
5092,127,5128,135
5097,199,5106,211
5102,768,5108,778
5106,569,5116,575
5106,61,5150,64
5108,45,5156,58
5108,202,5158,208
5110,249,5132,256
5116,446,5156,460
5116,334,5123,348
5119,391,5146,403
5123,821,5150,835
5128,603,5156,615
5132,348,5150,354
5136,518,5161,523
5136,560,5158,567
5140,1015,5171,1023
5146,16,5188,28
5146,992,5186,995
5150,172,5207,181
5150,1055,5186,1060
5158,662,5194,682
5158,365,5186,372
5161,814,5207,826
5161,264,5186,273
5165,31,5223,45
5165,111,5199,115
5171,565,5223,569
5183,1076,5244,1080
5183,433,5238,441
5186,983,5246,990
5188,727,5250,738
5188,855,5223,872
5194,544,5256,554
5199,12,5250,16
5199,971,5256,977
5204,71,5250,76
5207,292,5268,301
5207,386,5244,391
5212,111,5227,123
5217,1008,5227,1023
5223,1068,5265,1071
5227,792,5285,808
5227,172,5268,178
5238,1087,5274,1095
5238,241,5279,249
5244,92,5270,103
5246,855,5260,860
5250,988,5302,992
5256,872,5294,879
5265,888,5302,899
5265,840,5288,855
5268,690,5306,698
5270,931,5318,949
5274,1066,5302,1076
5274,56,5318,61
5279,501,5331,507
5288,123,5306,127
5288,788,5306,806
5294,778,5325,784
5294,211,5312,227
5302,814,5345,830
5312,332,5325,343
5314,788,5329,802
5314,271,5337,284
5318,115,5354,120
5318,103,5354,113
5320,876,5345,879
5329,915,5356,920
5331,322,5339,332
5331,175,5354,178
5337,585,5345,599
5345,334,5360,343
5347,292,5388,301
5347,693,5384,709
5350,16,5384,22
5350,61,5366,76
5354,188,5369,191
5356,181,5392,183
5360,1003,5382,1015
5366,587,5373,594
5369,129,5400,137
5373,472,5384,477
5373,435,5392,441
5377,1035,5400,1043
5377,656,5384,662
5382,635,5416,642
5382,751,5416,757
5384,330,5429,332
5384,788,5424,797
5388,273,5412,286
5388,992,5405,998
5390,653,5416,673
5390,233,5418,239
5392,575,5424,587
5392,1068,5437,1071
5394,599,5434,615
5397,417,5443,433
5400,701,5424,707
5400,567,5429,569
5409,872,5416,879
5412,888,5443,891
5416,955,5441,958
5416,501,5441,518
5424,16,5453,31
5429,183,5480,199
5429,961,5480,966
5431,236,5449,239
5434,208,5453,215
5437,312,5491,322
5441,469,5468,489
5443,261,5500,271
5449,282,5468,292
5453,343,5504,358
5455,306,5468,309
5455,332,5504,334
5459,1008,5516,1018
5459,1076,5511,1080
5463,95,5486,101
5468,417,5480,433
5468,64,5523,71
5474,140,5516,143
5474,365,5511,378
5480,507,5504,509
5486,181,5504,191
5491,811,5500,814
5497,477,5516,489
5500,286,5523,301
5506,626,5529,631
5506,1025,5547,1043
5511,949,5543,966
5516,565,5549,567
5521,818,5561,826
5523,264,5547,278
5523,107,5552,111
5529,425,5582,435
5529,71,5576,84
5535,208,5590,211
5541,215,5590,223
5541,840,5590,851
5543,496,5582,509
5543,28,5590,41
5547,830,5582,835
5547,61,5603,67
5549,284,5561,301
5549,896,5603,910
5552,757,5576,772
5552,605,5606,620
5555,526,5582,530
5561,646,5615,651
5566,306,5597,318
5570,626,5610,635
5576,1041,5590,1050
5582,772,5633,778
5582,191,5606,193
5586,814,5635,826
5590,509,5637,526
5597,707,5633,721
5603,1060,5642,1066
5610,253,5637,264
5615,472,5633,489
5615,992,5648,995
5618,433,5646,448
5622,835,5642,842
5622,751,5642,768
5627,236,5633,246
5629,306,5635,322
5633,494,5673,501
5635,931,5673,949
5637,896,5668,905
5637,818,5686,830
5642,425,5686,430
5646,526,5654,538
5646,22,5695,31
5648,554,5654,565
5648,318,5691,332
5652,101,5657,113
5652,292,5695,306
5654,673,5663,690
5654,435,5681,448
5657,45,5673,54
5657,526,5695,530
5663,181,5686,188
5663,642,5709,653
5668,736,5706,744
5668,656,5700,673
5673,239,5686,246
5675,483,5691,496
5681,633,5727,635
5681,456,5704,465
5686,223,5721,227
5689,840,5730,855
5689,472,5733,477
5691,768,5735,772
5695,386,5730,403
5700,949,5733,966
5704,1043,5735,1055
5704,709,5733,712
5706,673,5716,684
5709,95,5735,103
5709,721,5727,730
5711,169,5733,175
5713,1071,5730,1087
5716,1006,5750,1015
5716,425,5735,433
5721,241,5769,246
5727,526,5735,530
5730,296,5779,306
5733,2,5738,4
5733,137,5769,143
5735,45,5764,58
5738,149,5759,169
5744,1043,5755,1050
5750,526,5772,530
5750,509,5800,523
5755,36,5772,41
5759,599,5782,603
5764,701,5800,712
5764,95,5791,101
5769,1015,5800,1030
5775,193,5815,202
5775,738,5794,747
5779,127,5787,129
5782,433,5828,448
5787,797,5800,808
5791,534,5815,550
5791,988,5840,998
5794,223,5823,233
5794,784,5811,792
5798,693,5813,698
5800,456,5815,469
5800,246,5842,253
5805,626,5811,637
5805,1090,5834,1098
5808,662,5820,678
5808,1055,5813,1066
5811,949,5842,955
5813,143,5823,157
5815,397,5842,417
5820,567,5869,583
5823,626,5856,631
5823,518,5834,534
5828,966,5861,977
5834,915,5861,920
5840,58,5871,67
5840,103,5844,111
5842,183,5871,188
5844,343,5885,361
5848,754,5861,772
5848,662,5869,678
5856,489,5897,507
5856,990,5906,1003
5861,701,5876,712
5865,391,5874,403
5869,637,5892,640
5871,673,5903,684
5871,611,5910,615
5876,512,5885,518
5876,762,5897,778
5880,698,5910,707
5880,332,5927,338
5885,1006,5921,1008
5885,282,5912,284
5892,1087,5919,1095
5897,22,5915,28
5897,175,5912,178
5903,372,5912,386
5906,1071,5935,1080
5906,1066,5915,1068
5910,684,5927,693
5910,587,5932,592
5912,4,5921,6
5915,988,5942,990
5919,977,5927,983
5919,523,5950,534
5923,1030,5950,1043
5923,578,5950,583
5927,278,5945,286
5927,6,5942,12
5929,358,5935,370
5929,653,5974,662
5932,58,5971,61
5935,538,5950,544
5940,1095,5968,1098
5942,977,5974,983
5945,701,5987,712
5948,127,5987,137
5948,855,5968,876
5950,592,5958,603
5950,1015,5978,1025
5956,2,5963,16
5956,684,5974,698
5958,278,6000,286
5963,523,5971,530
5968,163,5993,169
5971,534,6003,554
5974,637,5982,642
5978,751,6011,754
5980,215,6028,229
5982,933,6011,943
5987,840,6024,842
5993,1025,6024,1035
5996,738,6036,747
6000,103,6020,111
6003,433,6040,448
6005,419,6047,430
6007,544,6036,554
6007,684,6020,701
6011,762,6045,775
6017,992,6053,1003
6020,587,6036,603
6020,507,6031,509
6024,378,6060,386
6028,322,6076,330
6031,103,6045,113
6031,931,6040,933
6036,635,6079,637
6038,249,6076,256
6040,842,6079,860
6047,523,6073,530
6047,899,6079,915
6053,67,6060,79
6053,332,6093,348
6056,472,6106,483
6060,578,6081,585
6065,626,6097,633
6070,28,6123,45
6070,599,6123,611
6073,292,6106,309
6079,891,6134,896
6079,129,6132,137
6081,879,6123,883
6081,92,6113,95
6087,111,6119,123
6087,693,6097,707
6093,489,6141,496
6093,1041,6106,1045
6100,16,6134,22
6100,762,6153,768
6106,1010,6138,1023
6106,709,6128,727
6111,261,6147,266
6111,943,6138,955
6113,673,6159,684
6119,995,6153,1006
6128,140,6159,157
6128,41,6169,45
6132,1041,6175,1050
6134,95,6147,101
6134,79,6171,89
6138,330,6169,334
6138,372,6171,381
6141,961,6159,977
6141,583,6164,594
6143,403,6175,419
6147,523,6171,526
6153,599,6175,605
6159,483,6175,501
6164,169,6189,181
6164,707,6169,709
6167,206,6183,211
6169,273,6183,278
6171,640,6193,642
6171,318,6214,330
6173,775,6197,788
6175,472,6211,477
6177,1084,6229,1087
6177,79,6233,89
6183,16,6224,31
6189,6,6203,12
6193,501,6235,512
6197,802,6224,806
6201,483,6248,494
6203,668,6258,682
6208,1043,6224,1050
6208,191,6214,193
6214,848,6261,851
6214,995,6263,1006
6219,312,6253,327
6224,1076,6240,1080
6224,175,6267,178
6229,433,6261,448
6233,463,6253,469
6235,1084,6261,1098
6235,202,6267,215
6240,1068,6288,1071
6240,266,6288,278
6246,949,6267,958
6246,31,6258,36
6248,821,6281,835
6253,477,6295,494
6258,715,6279,736
6258,246,6301,256
6265,797,6273,808
6273,698,6288,707
6273,381,6288,403
6279,599,6323,603
6281,848,6323,860
6281,361,6315,370
6283,958,6301,974
6288,830,6329,835
6288,615,6298,626
6295,327,6333,330
6295,509,6333,512
6298,1060,6320,1068
6301,107,6320,115
6301,840,6333,842
6306,472,6333,477
6308,233,6320,236
6315,876,6335,883
6315,1035,6329,1045
6320,775,6331,788
6320,61,6335,67
6323,1060,6361,1066
6329,860,6365,872
6329,1023,6372,1030
6331,565,6370,578
6331,56,6370,58
6333,496,6378,507
6341,282,6386,296
6343,842,6361,848
6346,417,6381,425
6351,1015,6370,1018
6351,84,6392,89
6353,637,6370,640
6359,933,6374,943
6359,1084,6374,1090
6361,599,6374,615
6361,95,6412,103
6365,330,6400,334
6365,322,6400,327
6370,391,6392,407
6372,149,6403,163
6372,208,6422,215
6378,271,6420,278
6381,58,6426,61
6381,456,6392,463
6386,851,6435,866
6392,28,6440,31
6396,1041,6433,1055
6396,567,6408,578
6400,41,6429,45
6408,4,6442,6
6412,605,6426,615
6416,653,6456,668
6420,780,6440,797
6422,169,6442,175
6422,818,6474,826
6429,1015,6468,1025
6433,835,6456,842
6433,974,6440,977
6435,58,6449,64
6435,1080,6474,1084
6440,633,6474,637
6442,103,6456,111
6446,931,6493,943
6446,282,6451,284
6449,286,6493,306
6456,157,6468,175
6468,693,6480,698
6474,71,6522,79
6480,327,6507,330
6483,264,6510,278
6488,879,6522,883
6488,155,6537,169
6493,715,6531,727
6497,933,6505,949
6497,565,6537,575
6503,690,6542,701
6505,446,6522,460
6505,983,6527,995
6510,1080,6537,1090
6517,306,6534,318
6517,92,6554,95
6522,296,6554,301
6527,678,6552,682
6527,286,6554,292
6531,129,6548,140
6534,512,6581,530
6534,603,6590,605
6537,54,6572,61
6537,788,6590,792
6540,1095,6585,1098
6542,358,6585,365
6542,381,6554,403
6548,101,6590,107
6548,489,6566,494
6552,157,6560,169
6554,309,6599,312
6560,538,6609,550
6560,435,6572,446
6566,258,6613,271
6572,215,6613,227
6577,712,6623,721
6577,626,6623,635
6581,974,6634,983
6585,448,6617,450
6590,578,6609,583
6593,1045,6617,1060
6604,101,6613,111
6609,501,6630,509
6613,567,6623,578
6613,603,6636,611
6617,264,6636,278
6623,1076,6654,1084
6628,698,6658,701
6630,208,6672,219
6630,411,6662,430
6634,2,6672,12
6636,446,6654,460
6636,631,6658,635
6642,1030,6658,1041
6642,188,6662,199
6648,178,6669,183
6648,137,6664,155
6652,477,6669,496
6652,673,6696,678
6654,955,6669,966
6656,101,6672,111
6658,860,6696,879
6662,840,6696,851
6662,635,6672,640
6664,518,6690,530
6669,338,6703,358
6669,129,6708,137
6672,381,6700,391
6675,312,6690,327
6675,544,6721,565
6681,931,6696,949
6681,830,6721,835
6687,1006,6739,1018
6690,583,6734,587
6690,465,6734,469
6696,1030,6729,1043
6696,651,6703,668
6700,301,6744,309
6700,501,6729,509
6703,157,6744,169
6703,983,6747,988
6708,961,6762,966
6711,489,6762,496
6717,626,6729,637
6717,56,6726,61
6721,332,6729,338
6721,92,6734,103
6726,992,6753,1003
6729,278,6768,292
6734,54,6780,64
6734,656,6758,673
6744,744,6793,751
6744,626,6762,631
6747,1055,6762,1066
6747,802,6768,808
6753,768,6788,780
6753,538,6805,554
6758,271,6777,273
6764,358,6814,372
6768,477,6780,483
6768,403,6808,407
6774,215,6821,229
6777,1095,6782,1098
6777,435,6782,448
6780,931,6828,949
6782,673,6808,690
6788,16,6828,22
6788,155,6834,172
6793,111,6828,120
6796,6,6821,12
6801,1010,6817,1023
6805,830,6844,840
6805,592,6824,599
6808,747,6838,751
6814,920,6873,926
6817,433,6844,441
6821,292,6838,296
6824,626,6850,637
6828,193,6884,202
6834,1006,6890,1008
6838,988,6856,998
6844,668,6878,684
6850,931,6900,937
6850,456,6900,463
6856,523,6862,526
6858,129,6900,137
6862,407,6906,411
6867,206,6900,219
6873,653,6890,656
6878,370,6917,386
6878,707,6923,721
6884,615,6906,620
6888,172,6912,175
6890,690,6953,698
6894,899,6953,920
6900,826,6925,830
6900,860,6934,876
6906,603,6925,611
6912,460,6945,469
6917,278,6971,292
6925,76,6985,89
6925,955,6947,971
6928,365,6979,372
6928,271,6967,273
6934,489,6992,507
6934,199,6974,208
6945,403,6985,417
6947,327,6997,332
6953,631,6979,635
6957,899,7014,915
6957,433,7010,448
6961,253,6979,258
6967,54,6974,64
6971,246,6985,249
6971,1008,6992,1023
6974,594,6989,603
6985,1087,7020,1095
6989,811,7039,821
6989,172,7039,178
6992,348,7049,354
6997,585,7014,592
7002,715,7010,730
7010,1015,7020,1023
7010,920,7063,931
7014,835,7055,851
7020,84,7033,95
7020,690,7045,701
7026,998,7076,1003
7026,646,7033,656
7028,599,7068,605
7028,905,7082,915
7033,1010,7082,1025
7039,36,7088,54
7043,754,7094,762
7045,67,7100,76
7049,386,7068,391
7055,202,7076,215
7059,768,7076,780
7059,113,7106,123
7063,417,7088,433
7068,738,7076,751
7074,599,7123,605
7076,1080,7088,1095
7076,370,7132,372
7078,642,7132,656
7078,472,7132,494
7082,292,7132,309
7082,450,7137,463
7088,738,7129,744
7088,188,7143,193
7094,172,7129,181
7100,626,7132,631
7100,330,7123,338
7102,830,7158,842
7106,569,7147,585
7106,1060,7137,1066
7111,915,7147,920
7116,879,7161,891
7116,229,7143,241
7118,534,7129,544
7123,693,7152,698
7129,802,7147,808
7132,155,7152,172
7137,747,7158,757
7137,768,7165,775
7141,730,7152,744
7143,306,7158,318
7147,61,7170,71
7152,191,7178,202
7158,788,7173,792
7158,780,7178,784
7161,1008,7170,1010
7163,1015,7170,1030
7165,16,7173,22
7170,995,7214,1006
7173,772,7225,778
7173,372,7208,386
7176,322,7201,332
7178,472,7187,477
7178,507,7197,512
7181,266,7223,278
7181,821,7223,835
7187,709,7223,727
7187,605,7236,611
7192,943,7228,955
7192,12,7206,31
7197,284,7232,296
7201,97,7242,103
7206,489,7232,507
7206,417,7246,419
7208,872,7244,876
7214,111,7242,123
7223,343,7249,348
7225,896,7232,899
7228,1043,7244,1050
7232,261,7242,273
7232,802,7244,806
7236,523,7256,538
7236,910,7253,931
7242,1068,7289,1076
7242,89,7283,95
7244,899,7279,905
7244,472,7289,483
7246,730,7274,736
7246,28,7272,36
7249,241,7279,246
7253,123,7308,129
7253,1080,7274,1090
7256,565,7272,578
7256,407,7312,425
7262,879,7289,888
7265,1050,7274,1055
7268,113,7279,120
7272,284,7283,296
7279,715,7315,721
7279,910,7318,920
7289,682,7334,690
7295,264,7334,278
7298,1035,7337,1041
7303,76,7312,79
7308,523,7326,526
7312,143,7334,157
7312,926,7326,943
7315,879,7332,883
7318,693,7355,709
7322,1068,7369,1071
7322,578,7332,585
7326,1084,7374,1095
7326,178,7334,191
7328,477,7340,494
7332,830,7357,842
7332,241,7363,256
7334,554,7344,560
7337,397,7372,403
7337,450,7382,465
7340,107,7397,120
7349,635,7404,640
7349,792,7399,797
7355,651,7409,656
7357,181,7412,191
7357,365,7399,381
7363,425,7412,433
7369,1043,7404,1050
7369,594,7374,599
7372,910,7427,926
7374,129,7397,137
7377,41,7388,45
7382,992,7427,1003
7388,611,7412,626
7391,1035,7447,1041
7391,730,7399,744
7397,826,7412,835
7397,811,7404,814
7399,58,7421,61
7404,736,7416,751
7412,583,7460,585
7421,1068,7453,1076
7427,642,7436,656
7427,188,7447,193
7433,682,7455,693
7436,814,7478,821
7436,1050,7447,1066
7438,4,7447,12
7438,381,7472,386
7442,348,7472,361
7447,208,7460,223
7453,538,7499,554
7455,149,7494,163
7460,284,7502,292
7466,477,7496,483
7472,448,7516,460
7478,712,7502,730
7478,920,7490,926
7483,36,7536,51
7483,684,7496,701
7486,239,7494,246
7486,988,7530,990
7490,191,7502,199
7490,937,7536,958
7494,826,7499,830
7494,926,7502,931
7496,1018,7522,1025
7496,772,7530,778
7499,526,7546,534
7502,4,7556,16
7502,391,7530,397
7508,236,7536,241
7508,842,7554,851
7513,747,7550,762
7516,974,7559,977
7522,578,7570,585
7522,101,7567,107
7525,92,7577,95
7536,599,7554,611
7536,149,7570,157
7540,51,7589,54
7546,1080,7570,1090
7546,920,7559,937
7550,778,7570,788
7554,620,7575,633
7556,883,7582,899
7559,215,7582,229
7559,910,7567,915
7563,292,7570,309
7567,163,7598,172
7567,469,7598,472
7570,673,7598,682
7577,1060,7617,1062
7577,386,7622,391
7582,181,7592,183
7585,983,7598,992
7589,332,7617,338
7592,587,7635,603
7592,1008,7647,1010
7594,249,7652,256
7598,115,7652,129
7611,826,7664,842
7611,855,7626,872
7617,633,7638,635
7622,651,7667,656
7626,140,7678,157
7631,465,7652,469
7631,92,7667,97
7635,888,7672,896
7638,227,7661,229
7638,866,7647,883
7641,526,7657,530
7641,575,7652,578
7647,175,7683,183
7652,1008,7692,1023
7652,684,7667,690
7657,974,7692,977
7661,278,7701,292
7664,802,7692,808
7667,227,7692,236
7672,54,7711,64
7672,45,7692,51
7678,673,7720,690
7683,155,7724,157
7686,712,7720,715
7686,372,7728,386
7688,253,7733,258
7688,456,7731,465
7692,1050,7733,1060
7692,483,7704,489
7696,830,7728,848
7701,797,7708,811
7704,851,7736,860
7708,41,7731,51
7711,103,7720,111
7717,730,7724,747
7717,278,7758,286
7720,206,7753,211
7720,937,7747,955
7722,709,7763,715
7724,1071,7763,1084
7728,966,7741,977
7733,463,7765,469
7736,915,7751,931
7736,990,7769,998
7741,693,7751,701
7744,271,7780,273
7747,261,7769,264
7751,560,7778,569
7753,312,7782,322
7758,175,7794,178
7763,448,7769,450
7763,370,7790,381
7765,966,7808,977
7769,477,7817,489
7769,896,7813,905
7773,137,7800,149
7778,284,7817,292
7780,278,7790,282
7782,419,7813,433
7782,736,7828,744
7786,806,7808,811
7788,1055,7830,1060
7794,1087,7845,1090
7794,876,7820,891
7806,821,7836,835
7806,318,7822,332
7808,1008,7822,1010
7813,651,7822,668
7813,199,7842,202
7817,530,7822,550
7820,1041,7868,1043
7822,565,7842,569
7828,937,7872,958
7828,483,7872,501
7830,309,7836,322
7833,256,7845,258
7836,983,7853,992
7836,538,7874,554
7842,662,7876,668
7845,354,7881,358
7845,284,7874,296
7851,417,7868,425
7859,744,7868,757
7862,172,7874,183
7862,446,7894,450
7872,343,7881,348
7874,587,7891,603
7876,236,7900,246
7876,620,7900,635
7878,814,7925,830
7881,261,7906,264
7886,872,7936,879
7886,330,7906,338
7891,64,7900,71
7894,16,7925,22
7900,397,7918,411
7906,215,7958,223
7906,808,7930,811
7912,465,7930,477
7912,253,7945,258
7918,772,7936,784
7921,261,7967,264
7921,840,7953,851
7925,135,7936,143
7925,45,7958,51
7930,278,7967,286
7936,995,7967,1003
7936,76,7979,89
7942,149,7961,163
7945,1090,7967,1098
7945,990,7991,992
7951,271,7984,273
7953,983,7991,988
7958,256,8003,258
7961,534,7969,554
7961,199,8003,208
7963,354,8011,365
7967,830,8003,840
7969,565,7987,569
7979,191,7996,193
7979,233,8014,239
7987,583,8028,592
7989,818,8043,821
7991,292,8028,296
7996,780,8048,797
7996,1018,8052,1025
7998,715,8005,727
8003,905,8054,926
8003,507,8022,523
8005,646,8033,651
8011,633,8043,635
8014,129,8052,135
8019,698,8066,701
8022,483,8074,494
8022,348,8043,358
8028,560,8037,575
8033,509,8082,518
8037,990,8052,995
8037,1066,8082,1080
8043,835,8087,851
8048,1050,8054,1060
8052,578,8092,585
8052,620,8097,626
8054,1041,8074,1045
8054,417,8062,430
8056,137,8102,149
8056,896,8092,905
8062,792,8094,797
8066,910,8102,920
8071,992,8094,1006
8071,278,8097,282
8074,233,8124,246
8080,465,8102,483
8082,95,8097,97
8087,821,8108,830
8087,193,8122,208
8092,113,8128,120
8094,754,8124,762
8097,1008,8145,1010
8097,61,8113,76
8102,296,8118,312
8105,79,8147,92
8108,494,8124,507
8113,1043,8128,1050
8118,668,8132,682
8122,361,8128,378
8122,768,8142,778
8124,931,8160,933
8124,701,8147,709
8128,603,8166,611
8132,417,8160,433
8134,28,8142,31
8139,937,8145,958
8139,115,8157,127
8142,518,8175,530
8145,879,8187,883
8145,775,8160,788
8147,465,8154,483
8152,56,8204,67
8154,1010,8169,1015
8157,646,8179,651
8160,157,8175,169
8166,309,8218,312
8169,891,8177,905
8175,253,8207,264
8177,512,8193,523
8179,605,8218,611
8182,640,8193,642
8187,361,8211,378
8187,143,8221,149
8193,16,8221,22
8204,730,8249,744
8207,188,8255,193
8207,668,8218,673
8211,348,8232,358
8211,113,8265,127
8214,211,8240,223
8214,296,8226,306
8218,1018,8267,1025
8218,835,8232,840
8221,523,8261,526
8226,1008,8234,1015
8232,578,8273,587
8234,496,8289,509
8240,236,8249,239
8240,848,8286,851
8249,433,8280,446
8255,565,8267,569
8261,332,8306,343
8265,41,8317,56
8267,92,8295,101
8276,79,8320,89
8280,123,8325,135
8280,456,8312,465
8289,233,8325,246
8295,876,8333,891
8295,592,8320,605
8298,318,8306,322
8302,583,8338,585
8306,1080,8331,1087
8310,273,8325,278
8312,811,8344,814
8317,653,8350,662
8317,949,8333,961
8320,175,8327,183
8320,701,8363,712
8325,1006,8360,1008
8325,990,8350,992
8327,920,8382,926
8327,309,8346,322
8331,615,8382,631
8331,1045,8376,1050
8333,61,8363,76
8333,463,8346,465
8338,354,8350,358
8338,140,8382,155
8344,830,8369,842
8346,54,8373,58
8350,811,8385,821
8355,271,8385,273
8363,879,8401,888
8369,28,8407,31
8373,111,8422,120
8373,172,8432,181
8382,419,8422,433
8385,58,8432,67
8390,36,8440,41
8395,472,8407,489
8395,327,8448,334
8401,583,8432,587
8401,738,8432,754
8404,866,8445,883
8404,955,8450,961
8407,523,8435,538
8407,92,8453,103
8413,469,8428,483
8413,603,8428,620
8422,855,8462,860
8428,249,8435,253
8432,620,8445,631
8432,155,8462,169
8435,509,8450,518
8440,378,8448,386
8443,191,8470,202
8445,926,8489,943
8445,1084,8450,1090
8448,701,8479,707
8450,135,8496,137
8453,450,8503,465
8459,22,8479,41
8459,603,8483,611
8462,620,8492,631
8466,1084,8496,1087
8470,309,8492,327
8474,668,8498,682
8474,1043,8527,1050
8479,107,8527,111
8479,271,8508,278
8483,1090,8492,1098
8483,188,8527,193
8489,127,8494,129
8492,507,8508,509
8492,905,8498,910
8494,744,8522,747
8496,651,8514,662
8498,512,8518,518
8498,123,8522,127
8503,990,8555,998
8508,983,8527,988
8514,635,8571,640
8514,780,8531,797
8518,656,8527,668
8522,512,8549,518
8527,534,8547,550
8531,603,8571,605
8531,888,8539,905
8534,463,8560,469
8539,701,8566,709
8543,806,8555,811
8549,727,8580,730
8555,523,8566,534
8566,744,8595,754
8566,615,8575,620
8571,101,8610,113
8573,1030,8586,1035
8573,120,8610,135
8575,56,8615,61
8584,811,8595,814
8584,891,8623,905
8586,456,8607,469
8592,701,8628,707
8595,472,8643,494
8598,974,8607,983
8601,143,8638,149
8601,1076,8615,1090
8607,84,8623,97
8610,933,8650,937
8612,403,8664,411
8612,1068,8632,1071
8615,120,8650,127
8620,883,8625,888
8620,653,8625,656
8623,560,8653,567
8625,587,8653,592
8628,446,8650,460
8632,896,8645,899
8638,1050,8694,1060
8643,89,8674,95
8645,684,8703,698
8650,821,8698,840
8650,518,8671,530
8653,58,8671,61
8653,1030,8711,1043
8658,592,8691,594
8658,662,8694,682
8664,949,8716,955
8666,107,8716,113
8671,910,8694,926
8671,637,8694,651
8674,937,8698,943
8674,425,8703,435
8679,611,8703,615
8685,707,8735,715
8691,879,8718,883
8691,523,8716,526
8694,101,8740,103
8698,888,8743,891
8703,744,8721,757
8705,334,8718,343
8711,178,8754,191
8718,397,8766,417
8721,135,8740,149
8724,1068,8766,1084
8724,284,8779,296
8730,656,8784,662
8735,113,8760,115
8735,56,8762,67
8740,933,8771,949
8745,157,8793,172
8748,381,8805,386
8748,463,8771,472
8754,28,8793,41
8754,370,8762,372
8760,693,8790,709
8762,971,8814,988
8766,998,8805,1003
8771,208,8790,211
8777,1071,8793,1076
8777,330,8832,332
8779,778,8805,792
8779,668,8837,684
8784,496,8826,512
8784,403,8793,407
8790,840,8818,851
8790,322,8832,327
8799,236,8848,239
8805,518,8848,523
8810,84,8821,95
8814,830,8855,835
8814,554,8859,565
8818,241,8832,249
8821,811,8839,821
8821,469,8837,483
8826,206,8844,211
8832,1003,8848,1010
8837,605,8848,615
8839,971,8865,977
8842,358,8872,361
8842,915,8878,933
8844,567,8881,575
8844,727,8878,744
8848,855,8886,860
8853,988,8893,995
8855,178,8872,188
8859,54,8878,64
8870,896,8878,899
8872,811,8917,818
8872,241,8893,253
8878,780,8891,784
8881,633,8919,642
8881,806,8914,808
8891,95,8939,103
8893,910,8924,915
8897,684,8942,701
8897,891,8946,899
8902,1006,8942,1010
8908,754,8942,762
8908,284,8929,292
8912,707,8946,715
8914,738,8935,744
8914,123,8949,127
8917,338,8962,358
8919,578,8942,585
8924,509,8942,526
8924,842,8952,848
8929,193,8939,202
8929,450,8942,456
8935,89,8981,92
8939,592,8960,599
8942,411,8973,417
8942,1066,8958,1080
8946,821,8967,835
8949,768,8958,780
8949,249,8981,256
8952,603,8969,605
8958,31,8969,41
8960,483,8973,494
8960,712,8994,730
8962,811,8986,818
8967,910,8994,920
8969,58,8986,61
8973,1068,9025,1071
8979,955,8986,958
8979,983,9028,990
8981,872,9035,879
8986,256,9035,264
8986,381,9028,397
8990,653,9030,662
8990,646,9039,651
8994,2,9017,16
8994,465,9049,469
8997,1006,9022,1010
9003,318,9028,330
9003,534,9017,544
9006,751,9017,757
9012,92,9025,97
9017,883,9030,899
9022,135,9039,149
9025,668,9039,682
9025,851,9045,866
9028,183,9073,199
9030,949,9051,966
9035,430,9065,446
9039,372,9092,378
9039,175,9061,181
9045,915,9073,933
9057,587,9070,594
9059,465,9079,477
9061,784,9083,792
9065,155,9117,157
9070,727,9101,730
9073,107,9096,111
9079,879,9107,896
9079,518,9112,523
9083,358,9101,361
9086,463,9110,465
9086,949,9119,958
9092,772,9140,775
9092,249,9128,258
9094,273,9140,278
9094,301,9101,306
9096,808,9146,818
9101,620,9155,626
9101,76,9119,79
9107,483,9128,496
9107,127,9151,129
9110,835,9123,851
9112,430,9169,441
9117,751,9140,757
9119,378,9146,397
9123,149,9161,157
9128,721,9164,736
9134,463,9183,465
9140,1035,9199,1041
9140,64,9193,76
9149,961,9193,977
9151,309,9187,318
9155,682,9205,693
9161,751,9199,762
9164,115,9213,120
9169,361,9179,372
9179,143,9199,149
9183,995,9199,1003
9187,860,9223,879
9193,312,9236,322
9199,891,9208,910
9205,4,9248,16
9208,768,9264,775
9213,22,9228,36
9213,966,9236,971
9217,361,9267,378
9217,51,9228,58
9223,157,9248,175
9228,264,9273,278
9228,646,9264,653
9232,693,9277,707
9236,1095,9261,1098
9236,284,9273,292
9242,327,9273,330
9242,578,9281,592
9244,933,9287,937
9244,463,9273,465
9248,188,9281,202
9253,757,9273,762
9253,169,9267,181
9261,1055,9296,1068
9264,673,9293,678
9264,534,9304,544
9267,354,9314,358
9273,961,9296,971
9277,1071,9293,1076
9281,64,9296,76
9281,334,9314,348
9287,1003,9296,1008
9287,430,9347,446
9293,693,9300,709
9296,372,9350,386
9300,768,9347,772
9300,992,9335,995
9304,229,9324,233
9314,673,9350,690
9314,554,9360,560
9318,744,9365,751
9318,183,9360,188
9324,306,9385,309
9329,1055,9350,1060
9329,707,9338,715
9335,983,9354,990
9338,417,9389,419
9343,646,9354,651
9347,448,9354,456
9354,51,9416,61
9354,1095,9365,1098
9360,258,9395,266
9360,509,9398,512
9365,1043,9416,1055
9365,802,9427,808
9371,472,9427,477
9371,888,9430,891
9375,241,9404,249
9381,637,9395,646
9385,111,9404,123
9385,971,9398,974
9389,229,9416,239
9395,338,9427,358
9398,306,9414,318
9398,998,9410,1006
9404,191,9416,206
9410,633,9438,637
9414,949,9459,966
9414,137,9427,140
9416,292,9459,306
9422,1076,9444,1087
9422,101,9438,111
9427,757,9456,768
9430,690,9479,701
9430,747,9459,754
9434,181,9450,193
9438,472,9487,477
9438,642,9479,653
9444,995,9452,998
9444,115,9471,129
9448,332,9477,343
9450,463,9459,469
9452,163,9479,178
9459,866,9468,879
9463,191,9507,206
9471,301,9505,309
9471,509,9516,526
9477,273,9505,284
9477,910,9493,920
9479,860,9516,866
9479,358,9510,365
9483,178,9518,183
9483,332,9531,343
9487,730,9518,744
9487,140,9531,155
9493,578,9534,583
9496,842,9516,851
9501,534,9507,538
9505,249,9518,256
9507,788,9541,802
9510,496,9551,507
9512,592,9527,594
9512,835,9553,840
9518,441,9546,450
9521,28,9551,36
9527,51,9551,61
9531,818,9553,826
9534,140,9585,149
9537,266,9557,282
9537,768,9557,775
9541,738,9561,751
9541,971,9564,974
9546,483,9553,494
9551,1060,9574,1062
9553,435,9595,450
9553,253,9600,256
9557,709,9603,721
9561,463,9579,472
9561,365,9600,372
9564,155,9600,169
9564,496,9619,507
9568,84,9581,97
9574,172,9629,175
9579,899,9585,920
9581,1068,9629,1080
9585,592,9635,599
9585,191,9639,202
9595,227,9629,229
9595,554,9603,569
9600,446,9639,450
9603,806,9651,818
9603,992,9611,998
9611,101,9661,103
9616,851,9656,866
9619,933,9654,937
9625,792,9649,802
9625,990,9635,1003
9629,1090,9656,1095
9629,309,9666,327
9635,768,9656,775
9643,876,9666,888
9649,261,9670,273
9649,127,9661,140
9651,949,9681,966
9651,334,9708,338
9656,811,9670,826
9666,587,9710,594
9666,678,9676,690
9670,1043,9686,1050
9676,92,9715,101
9676,411,9691,425
9681,1062,9720,1066
9681,565,9708,567
9686,266,9730,282
9686,848,9730,851
9691,673,9715,684
9697,157,9725,169
9697,701,9736,709
9702,931,9754,933
9715,111,9741,113
9715,41,9738,56
9720,977,9730,983
9725,754,9747,768
9730,129,9738,135
9736,797,9767,802
9738,465,9771,477
9738,120,9743,127
9741,330,9780,343
9741,233,9789,241
9743,370,9771,381
9747,635,9780,646
9747,92,9776,95
9749,191,9780,202
9754,534,9774,538
9760,494,9785,507
9760,271,9805,282
9765,1043,9774,1055
9767,450,9774,463
9771,137,9780,155
9774,472,9801,477
9776,433,9821,448
9780,1018,9797,1025
9780,575,9794,585
9785,258,9812,266
9789,821,9836,826
9791,808,9816,818
9794,163,9821,169
9794,103,9845,107
9797,603,9805,611
9801,762,9856,778
9805,22,9850,41
9810,738,9836,751
9810,949,9827,958
9812,1003,9860,1015
9816,227,9865,229
9816,668,9827,678
9821,1045,9836,1062
9821,615,9868,631
9836,526,9856,538
9836,193,9850,199
9842,730,9876,738
9845,509,9878,512
9850,784,9894,802
9850,129,9883,135
9856,851,9892,866
9858,826,9871,830
9860,1045,9883,1055
9865,721,9899,727
9868,370,9876,386
9868,435,9909,450
9871,762,9894,772
9871,101,9912,111
9876,830,9894,848
9878,961,9925,971
9883,12,9918,31
9883,430,9929,433
9886,365,9892,372
9888,469,9914,489
9892,565,9937,578
9894,637,9937,640
9894,278,9914,292
9899,747,9912,751
9903,460,9942,465
9918,554,9953,560
9922,762,9978,772
9925,233,9987,246
9929,411,9982,419
9929,215,9991,219
9934,1060,9942,1062
9934,469,9987,489
9937,202,9975,211
9942,910,9987,915
9948,544,9991,550
9948,258,9975,271
9953,322,9987,330
9958,1060,9987,1071
9958,1087,9969,1090
9964,67,9987,84
9969,1003,9991,1010
9969,879,10026,888
9975,425,9987,435
9982,896,9995,905
9987,450,10012,465
9991,301,10028,309
9995,51,10006,56
9995,943,10028,949
10000,76,10023,79
10006,115,10012,120
10006,1090,10012,1098
10010,751,10056,762
10012,792,10026,808
10012,855,10039,876
10017,188,10046,199
10017,465,10028,469
10023,16,10041,36
10026,538,10033,554
10028,631,10056,633
10033,592,10051,599
10037,143,10049,149
10039,334,10087,348
10039,998,10049,1008
10041,278,10051,284
10046,441,10082,448
10046,45,10065,54
10049,1018,10091,1025
10051,1087,10074,1098
10056,425,10074,435
10056,896,10087,905
10059,983,10079,992
10061,518,10104,534
10065,1045,10111,1062
10065,278,10087,282
10070,646,10106,653
10079,784,10127,797
10082,926,10134,933
10087,358,10121,372
10087,1084,10132,1090
10091,811,10100,814
10091,378,10132,381
10097,707,10104,709
10104,258,10139,264
10106,693,10152,698
10106,567,10116,575
10109,958,10139,966
10109,292,10116,309
10111,435,10166,448
10111,12,10141,31
10116,1050,10164,1060
10116,1066,10155,1071
10121,58,10152,64
10127,417,10155,430
10127,386,10147,391
10132,494,10181,496
10134,876,10181,891
10134,361,10166,370
10139,851,10164,860
10141,157,10164,175
10147,977,10158,988
10152,1080,10203,1090
10155,199,10184,206
10158,569,10178,583
10166,1062,10192,1066
10166,587,10197,603
10172,282,10192,284
10175,175,10184,181
10175,123,10189,137
10181,712,10234,721
10184,483,10231,489
10184,949,10223,958
10192,266,10203,273
10192,460,10229,472
10197,808,10234,811
10197,605,10223,626
10203,41,10212,45
10206,988,10217,995
10212,51,10265,54
10217,1084,10229,1087
10217,306,10236,318
10223,633,10257,635
10223,931,10254,937
10229,433,10257,435
10229,896,10247,899
10231,278,10257,292
10234,682,10260,690
10234,1055,10278,1060
10236,569,10254,585
10236,219,10247,227
10241,143,10290,155
10247,830,10290,840
10247,494,10281,509
10252,848,10265,851
10254,327,10281,332
10254,998,10267,1006
10257,2,10307,6
10260,292,10307,301
10265,896,10316,905
10265,933,10301,943
10267,797,10310,811
10272,127,10316,135
10278,949,10327,958
10281,961,10321,971
10294,446,10338,456
10294,246,10321,258
10296,343,10312,361
10296,977,10319,988
10301,12,10330,22
10307,544,10359,554
10307,1090,10355,1095
10310,1041,10327,1045
10312,227,10321,229
10316,583,10365,592
10319,84,10338,92
10319,361,10365,365
10321,642,10378,646
10321,883,10369,896
10327,264,10369,266
10330,910,10349,920
10330,71,10355,76
10332,971,10344,977
10338,273,10369,286
10338,958,10393,966
10344,1006,10387,1015
10349,701,10395,712
10355,229,10387,239
10355,518,10406,530
10359,762,10376,768
10359,430,10406,435
10365,949,10393,955
10369,306,10395,309
10369,370,10393,386
10373,103,10387,113
10376,489,10387,507
10376,460,10425,463
10378,891,10432,910
10383,933,10406,943
10387,284,10406,292
10393,635,10406,642
10393,54,10421,64
10397,611,10443,631
10397,988,10439,995
10400,202,10447,215
10406,391,10439,397
10406,684,10432,698
10412,372,10436,381
10412,599,10425,603
10418,1060,10432,1068
10418,417,10425,430
10428,603,10449,605
10432,712,10483,721
10432,780,10470,784
10436,830,10460,840
10443,554,10472,560
10447,814,10486,821
10449,343,10486,361
10455,271,10495,282
10455,256,10464,261
10460,318,10483,322
10464,140,10517,143
10464,403,10508,419
10470,460,10514,465
10470,469,10521,477
10472,111,10483,123
10478,496,10508,512
10483,97,10521,107
10486,592,10535,605
10491,842,10517,851
10495,239,10514,246
10495,58,10504,71
10497,172,10525,181
10500,92,10514,95
10508,937,10552,955
10508,693,10525,709
10517,883,10552,891
10521,530,10554,550
10521,496,10546,512
10525,806,10560,811
10530,264,10576,271
10535,115,10552,127
10540,183,10576,188
10540,585,10546,587
10543,140,10560,155
10543,840,10571,848
10552,583,10605,592
10552,736,10571,747
10554,1062,10610,1066
10560,1090,10600,1095
10560,977,10613,988
10565,403,10597,411
10568,64,10588,67
10571,51,10588,56
10576,860,10588,872
10576,830,10597,835
10579,995,10610,1003
10582,107,10633,111
10582,271,10613,284
10588,120,10600,123
10592,113,10600,115
10597,469,10620,483
10600,397,10620,407
10600,949,10647,966
10605,89,10647,92
10605,417,10633,419
10610,599,10629,615
10613,518,10651,523
10613,97,10669,103
10617,1050,10675,1060
10617,79,10647,84
10620,135,10633,140
10620,1008,10637,1015
10626,788,10677,797
10626,747,10664,751
10629,271,10664,284
10629,931,10664,943
10633,1076,10688,1090
10633,633,10651,640
10637,995,10677,1003
10647,239,10658,241
10647,149,10700,157
10651,256,10705,264
10654,175,10695,188
10654,842,10700,848
10658,489,10717,501
10669,120,10723,129
10669,872,10700,879
10675,715,10705,721
10677,633,10705,642
10677,56,10734,61
10679,286,10705,301
10679,966,10732,983
10682,931,10690,933
10682,1030,10744,1035
10688,778,10732,784
10690,744,10739,754
10690,441,10739,450
10695,507,10732,523
10700,788,10751,797
10705,835,10739,840
10717,842,10739,848
10717,673,10739,678
10723,261,10756,271
10728,419,10756,433
10728,1060,10764,1071
10734,891,10753,896
10734,273,10744,286
10739,879,10777,888
10744,949,10789,961
10747,56,10785,61
10747,327,10777,330
10751,41,10772,45
10751,89,10769,101
10753,378,10785,397
10756,808,10772,821
10756,71,10777,79
10760,1010,10813,1018
10760,668,10766,684
10764,736,10798,747
10764,1041,10817,1055
10766,456,10803,465
10772,261,10819,271
10777,273,10785,282
10777,155,10798,169
10780,253,10792,258
10780,129,10803,140
10785,806,10798,811
10785,920,10809,926
10789,585,10817,592
10789,496,10833,507
10792,2,10838,12
10798,219,10844,229
10798,961,10850,974
10803,348,10819,365
10809,456,10833,463
10813,523,10850,526
10817,747,10869,757
10819,560,10874,565
10819,727,10867,736
10825,433,10863,435
10833,1050,10869,1062
10833,61,10861,67
10838,701,10874,715
10844,417,10883,419
10844,140,10889,149
10852,943,10869,949
10857,178,10891,181
10861,472,10879,477
10861,113,10883,115
10863,312,10889,327
10863,448,10891,450
10869,365,10877,372
10874,920,10889,937
10877,1076,10910,1087
10879,866,10916,883
10879,896,10905,910
10883,496,10936,501
10889,465,10910,477
10891,712,10925,721
10891,668,10902,678
10896,282,10934,296
10896,264,10947,273
10902,157,10939,169
10905,1025,10925,1030
10905,140,10936,155
10910,569,10947,578
10910,690,10934,707
10914,135,10929,137
10914,64,10953,71
10916,530,10934,538
10921,358,10941,365
10921,1076,10941,1084
10929,211,10967,219
10934,842,10947,855
10939,441,10976,456
10941,463,10985,465
10947,876,10972,888
10953,707,10969,712
10955,103,10980,111
10955,587,10967,594
10957,830,10987,840
10957,792,10969,797
10961,306,10987,318
10961,129,10993,137
10964,611,10969,631
10964,494,10993,496
10967,1090,10989,1095
10972,1015,10983,1025
10976,140,11008,157
10980,391,10999,397
10983,651,11030,656
10985,372,11030,386
10987,961,11030,966
10989,477,11038,489
10993,64,11012,71
10999,22,11033,31
11003,246,11052,258
11008,41,11047,45
11012,512,11047,523
11012,943,11052,958
11014,821,11059,826
11014,58,11061,61
11016,848,11066,860
11026,365,11052,370
11030,286,11054,301
11030,778,11073,788
11033,157,11054,175
11038,587,11052,599
11044,926,11091,937
11044,1084,11066,1098
11047,1023,11073,1041
11052,544,11096,560
11054,1068,11104,1071
11054,129,11078,143
11057,496,11100,512
11059,101,11100,107
11059,1055,11096,1060
11061,469,11113,483
11061,1008,11085,1015
11071,397,11104,411
11073,425,11109,441
11073,802,11128,811
11081,361,11113,365
11091,1043,11128,1050
11096,772,11131,778
11100,135,11143,137
11100,4,11143,22
11104,943,11131,949
11109,684,11119,693
11109,54,11154,58
11113,1055,11128,1066
11119,990,11154,992
11119,575,11163,578
11125,172,11154,178
11128,84,11160,97
11135,651,11154,668
11139,633,11147,640
11139,322,11147,330
11143,208,11175,211
11147,715,11180,730
11149,788,11185,802
11149,747,11171,754
11154,348,11193,354
11154,534,11163,554
11163,780,11208,784
11163,998,11202,1008
11165,707,11200,709
11171,236,11198,239
11175,188,11200,199
11180,31,11190,45
11190,463,11196,472
11190,715,11235,730
11193,1050,11200,1060
11193,227,11235,233
11196,97,11214,111
11196,560,11208,575
11198,284,11219,292
11198,883,11202,896
11200,690,11249,693
11200,1043,11235,1045
11202,381,11235,397
11208,175,11257,178
11214,332,11227,338
11214,456,11229,465
11219,433,11237,441
11219,155,11227,163
11227,565,11274,567
11227,988,11280,990
11229,883,11271,891
11229,738,11271,744
11235,89,11265,97
11235,646,11271,662
11237,905,11271,915
11243,509,11257,523
11243,1041,11254,1043
11249,1095,11280,1098
11254,637,11262,642
11254,1050,11301,1060
11257,1043,11304,1045
11262,507,11285,512
11265,463,11285,477
11271,411,11293,419
11274,233,11304,239
11274,425,11314,430
11276,101,11295,103
11280,888,11319,896
11280,181,11319,183
11285,273,11304,286
11287,707,11333,709
11287,538,11314,550
11293,386,11327,407
11295,1015,11321,1023
11295,76,11333,84
11301,249,11314,261
11304,202,11347,208
11310,215,11353,229
11312,698,11359,701
11314,169,11335,172
11317,534,11321,544
11317,446,11362,448
11319,246,11359,253
11321,322,11333,327
11327,826,11362,842
11333,569,11395,578
11335,494,11382,501
11335,1071,11399,1084
11341,1090,11377,1095
11347,768,11387,775
11347,855,11362,860
11353,181,11413,193
11359,620,11404,626
11359,97,11419,101
11362,701,11395,707
11362,79,11413,84
11365,653,11404,668
11365,534,11404,538
11371,905,11393,915
11371,866,11382,883
11377,120,11432,127
